#! FIELDS time lq6_mean sigma_lq6_mean height biasf
#! SET multivariate false
#! SET kerneltype stretched-gaussian
                  20500     0.8084694153144654                   0.02     0.5102040816326531                     50
                  21000     0.7880547563673199                   0.02     0.5095288689565294                     50
                  21500     0.7403282873115309                   0.02     0.5101389392161494                     50
                  22000     0.7867810366207317                   0.02     0.5083657543036004                     50
                  22500     0.7172961804677671                   0.02      0.509618118579698                     50
                  23000     0.7880230553730467                   0.02     0.5072038239790131                     50
                  23500     0.8104861658033797                   0.02     0.5073105867227315                     50
                  24000     0.7834765132649396                   0.02     0.5058061288156169                     50
                  24500     0.7629178424982981                   0.02     0.5071325064600563                     50
                  25000     0.7404117998719673                   0.02     0.5075745281249013                     50
                  25500     0.7270165443842403                   0.02     0.5071141375230171                     50
                  26000     0.7568066660007589                   0.02     0.5054295386044569                     50
                  26500     0.7971437215823705                   0.02     0.5039920345113593                     50
                  27000     0.7816068702875935                   0.02     0.5026436229782776                     50
                  27500      0.812925753034587                   0.02      0.504871636661454                     50
                  28000     0.7966766091397173                   0.02     0.5012144324521869                     50
                  28500     0.7219000612246852                   0.02     0.5061269439859075                     50
                  29000     0.7455947669720584                   0.02     0.5037320606862878                     50
                  29500      0.806430427304241                   0.02      0.501508634967004                     50
                  30000     0.7237399984841039                   0.02     0.5042020464827531                     50
                  30500      0.766909163248046                   0.02     0.5013646182344704                     50
                  31000     0.7550124816271642                   0.02      0.501085250658446                     50
                  31500     0.7447780708406746                   0.02     0.5004414090933195                     50
                  32000     0.7970896197432916                   0.02     0.4986297724078137                     50
                  32500     0.8154263306561054                   0.02      0.501796041840409                     50
                  33000     0.8295419562506549                   0.02     0.5052064242265497                     50
                  33500     0.8545288647644138                   0.02     0.5091084902104864                     50
                  34000     0.6858251129444709                   0.02     0.5092629459439936                     50
                  34500     0.7974764924250557                   0.02      0.496539560847317                     50
                  35000     0.7266264802838667                   0.02     0.5013311233038297                     50
                  35500     0.7539322626631857                   0.02     0.4984069027080207                     50
                  36000      0.714142497611578                   0.02     0.5027072179942982                     50
                  36500     0.6762645831039392                   0.02      0.508625354449121                     50
                  37000     0.7349094173988056                   0.02      0.497774159937063                     50
                  37500     0.6635760020431803                   0.02     0.5085598591184203                     50
                  38000     0.7203038974534917                   0.02     0.4991996417165262                     50
                  38500     0.6588656565710489                   0.02     0.5078151572329453                     50
                  39000     0.7045061556473619                   0.02     0.5022370508808083                     50
                  39500     0.6980793338237572                   0.02     0.5026025841276766                     50
                  40000      0.743338240273844                   0.02     0.4954735214873029                     50
                  40500      0.701036315194169                   0.02     0.5007546885954404                     50
                  41000     0.6966235231508744                   0.02     0.5006519280116424                     50
                  41500     0.7107837747620147                   0.02     0.4965442466204774                     50
                  42000      0.592950535836029                   0.02     0.5102011873724404                     50
                  42500     0.6786971456452996                   0.02      0.502791390921996                     50
                  43000     0.7436842396140418                   0.02     0.4939626114372426                     50
                  43500     0.7117602043563324                   0.02     0.4947060659387455                     50
                  44000     0.7020561578530432                   0.02     0.4957576116219879                     50
                  44500     0.7311454618628789                   0.02     0.4914032759030581                     50
                  45000     0.7115568136016743                   0.02     0.4920645106917894                     50
                  45500     0.6851346802929843                   0.02     0.4986634197452877                     50
                  46000     0.6653899663504363                   0.02      0.503197100879363                     50
                  46500     0.6687349076283906                   0.02     0.5012313731490227                     50
                  47000     0.6830321418475434                   0.02     0.4966297410296986                     50
                  47500     0.6782344698905944                   0.02     0.4967289550654318                     50
                  48000     0.7529924359751212                   0.02     0.4931336016293065                     50
                  48500     0.6257166887105895                   0.02     0.5090257140893542                     50
                  49000     0.7047557418506348                   0.02     0.4904918735632862                     50
                  49500     0.7092516091121748                   0.02     0.4888564273238867                     50
                  50000     0.7152548001388866                   0.02     0.4873351158924334                     50
                  50500     0.6316944257742806                   0.02      0.507380902144159                     50
                  51000      0.734282325955963                   0.02     0.4876724627517763                     50
                  51500     0.6651578724130333                   0.02     0.4987459030092898                     50
                  52000     0.6451991396979651                   0.02     0.5035404856184548                     50
                  52500     0.6040800833639108                   0.02      0.507976108594435                     50
                  53000     0.6139821668286332                   0.02     0.5062513635061346                     50
                  53500      0.669858558235636                   0.02     0.4956557700819061                     50
                  54000     0.6259630671562946                   0.02     0.5042862530756642                     50
                  54500     0.6414595487008468                   0.02     0.5014358062337605                     50
                  55000     0.6851601507442675                   0.02     0.4907464250680201                     50
                  55500     0.6738296404819342                   0.02     0.4922873931383737                     50
                  56000     0.6562996559664707                   0.02      0.496228731022192                     50
                  56500     0.7582590869638817                   0.02      0.492387631370832                     50
                  57000      0.691395470142546                   0.02     0.4874819965997894                     50
                  57500     0.6666668489710805                   0.02     0.4917290819461007                     50
                  58000     0.6412075808409516                   0.02     0.4986644824814651                     50
                  58500     0.6903221480973196                   0.02     0.4860316686950936                     50
                  59000     0.6633218635008372                   0.02     0.4906891984268068                     50
                  59500     0.6535077847772199                   0.02     0.4929107922722784                     50
                  60000     0.7290516353577713                   0.02     0.4850658227259673                     50
                  60500     0.6219507952619773                   0.02     0.5013094212420667                     50
                  61000     0.6675748157636746                   0.02     0.4874866040786662                     50
                  61500     0.6175867157710344                   0.02     0.5011215157354715                     50
                  62000     0.7115748965720881                   0.02     0.4829830275173224                     50
                  62500     0.7245267351408058                   0.02     0.4826838749948672                     50
                  63000     0.6863452593847807                   0.02     0.4832878231752478                     50
                  63500     0.6533345346718793                   0.02     0.4902891934033969                     50
                  64000      0.697644296856621                   0.02     0.4812031046537616                     50
                  64500     0.6557362395808154                   0.02     0.4882878057427344                     50
                  65000     0.6885285337886532                   0.02     0.4806488626063381                     50
                  65500     0.6367568448758647                   0.02     0.4941078154170634                     50
                  66000      0.645697072273838                   0.02     0.4899100780375987                     50
                  66500     0.5490772431989444                   0.02     0.5100750262399096                     50
                  67000     0.5570933237879008                   0.02     0.5088264298207952                     50
                  67500     0.6542885591958607                   0.02     0.4858638371467739                     50
                  68000     0.6509333215175875                   0.02     0.4859820183715238                     50
                  68500     0.5834371132263899                   0.02     0.5066475804304429                     50
                  69000     0.6347737797868532                   0.02     0.4913474094467441                     50
                  69500     0.6302730992865362                   0.02     0.4921327062032351                     50
                  70000     0.6217015120946235                   0.02     0.4945778377779398                     50
                  70500     0.6009133236286724                   0.02     0.5012816881272452                     50
                  71000     0.6130066720928371                   0.02     0.4960831507216907                     50
                  71500     0.6789289184114415                   0.02     0.4792937515468604                     50
                  72000     0.5866101289215521                   0.02       0.50342504390279                     50
                  72500     0.6122279306724947                   0.02     0.4948074941476426                     50
                  73000     0.6307866350696477                   0.02     0.4880093804229059                     50
                  73500     0.5861701585720154                   0.02      0.501868476464719                     50
                  74000     0.6128022055568422                   0.02     0.4924014384493151                     50
                  74500     0.5999253331024379                   0.02     0.4957847679334974                     50
                  75000     0.5918688730794485                   0.02     0.4975341026990958                     50
                  75500     0.6334329242469903                   0.02     0.4851648468376397                     50
                  76000     0.5995691214432659                   0.02      0.493587249184381                     50
                  76500     0.6490705572252184                   0.02     0.4811989420133503                     50
                  77000     0.5702321043841098                   0.02     0.5029295604388641                     50
                  77500     0.6071235713854476                   0.02      0.489732348081843                     50
                  78000     0.5808013415473466                   0.02     0.4980946505463467                     50
                  78500      0.597525896847095                   0.02      0.491091061775602                     50
                  79000     0.5839275781964549                   0.02     0.4950233522793853                     50
                  79500     0.6772829309820773                   0.02     0.4778266303102761                     50
                  80000     0.6657275747912217                   0.02     0.4773475741905782                     50
