#! FIELDS time xrd.q-0 metad.bias
 0.000000 0.008530 0.000000
 25.000000 0.008497 0.000000
 50.000000 0.008526 0.000000
 75.000000 0.008490 0.000000
 100.000000 0.008471 0.000000
 125.000000 0.008510 0.000000
 150.000000 0.008423 0.000000
 175.000000 0.008524 0.000000
 200.000000 0.008441 0.000000
 225.000000 0.008531 0.000000
 250.000000 0.008526 0.000000
 275.000000 0.008500 0.000000
 300.000000 0.008540 0.000000
 325.000000 0.008507 0.000000
 350.000000 0.008488 0.000000
 375.000000 0.008495 0.000000
 400.000000 0.008484 0.000000
 425.000000 0.008481 0.000000
 450.000000 0.008455 0.000000
 475.000000 0.008466 0.000000
 500.000000 0.008529 0.000000
 525.000000 0.008501 0.000000
 550.000000 0.008433 0.000000
 575.000000 0.008522 0.000000
 600.000000 0.008478 0.000000
 625.000000 0.008576 0.000000
 650.000000 0.008517 0.000000
 675.000000 0.008534 0.000000
 700.000000 0.008535 0.000000
 725.000000 0.008450 0.000000
 750.000000 0.008431 0.000000
 775.000000 0.008479 0.000000
 800.000000 0.008448 0.000000
 825.000000 0.008425 0.000000
 850.000000 0.008478 0.000000
 875.000000 0.008428 0.000000
 900.000000 0.008479 0.000000
 925.000000 0.008418 0.000000
 950.000000 0.008544 0.000000
 975.000000 0.008461 0.000000
 1000.000000 0.008540 0.000000
 1025.000000 0.008465 9.560000
 1050.000000 0.008518 9.560000
 1075.000000 0.008541 9.560000
 1100.000000 0.008536 9.560000
 1125.000000 0.008498 9.560000
 1150.000000 0.008457 9.560000
 1175.000000 0.008532 9.560000
 1200.000000 0.008486 9.560000
 1225.000000 0.008474 9.560000
 1250.000000 0.008395 9.560000
 1275.000000 0.008532 9.560000
 1300.000000 0.008413 9.560000
 1325.000000 0.008556 9.560000
 1350.000000 0.008449 9.560000
 1375.000000 0.008483 9.560000
 1400.000000 0.008504 9.560000
 1425.000000 0.008407 9.560000
 1450.000000 0.008565 9.560000
 1475.000000 0.008445 9.560000
 1500.000000 0.008464 9.560000
 1525.000000 0.008492 9.560000
 1550.000000 0.008511 9.560000
 1575.000000 0.008485 9.560000
 1600.000000 0.008515 9.560000
 1625.000000 0.008516 9.560000
 1650.000000 0.008512 9.560000
 1675.000000 0.008494 9.560000
 1700.000000 0.008463 9.560000
 1725.000000 0.008524 9.560000
 1750.000000 0.008606 9.560000
 1775.000000 0.008415 9.560000
 1800.000000 0.008376 9.560000
 1825.000000 0.008454 9.560000
 1850.000000 0.008486 9.560000
 1875.000000 0.008484 9.560000
 1900.000000 0.008494 9.560000
 1925.000000 0.008456 9.560000
 1950.000000 0.008484 9.560000
 1975.000000 0.008491 9.560000
 2000.000000 0.008514 9.560000
 2025.000000 0.008472 18.928381
 2050.000000 0.008443 18.928381
 2075.000000 0.008464 18.928381
 2100.000000 0.008560 18.928381
 2125.000000 0.008538 18.928381
 2150.000000 0.008427 18.928381
 2175.000000 0.008533 18.928381
 2200.000000 0.008508 18.928381
 2225.000000 0.008495 18.928381
 2250.000000 0.008545 18.928381
 2275.000000 0.008415 18.928381
 2300.000000 0.008517 18.928381
 2325.000000 0.008550 18.928381
 2350.000000 0.008544 18.928381
 2375.000000 0.008557 18.928381
 2400.000000 0.008473 18.928381
 2425.000000 0.008475 18.928381
 2450.000000 0.008470 18.928381
 2475.000000 0.008469 18.928381
 2500.000000 0.008512 18.928381
 2525.000000 0.008496 18.928381
 2550.000000 0.008446 18.928381
 2575.000000 0.008473 18.928381
 2600.000000 0.008468 18.928381
 2625.000000 0.008561 18.928381
 2650.000000 0.008479 18.928381
 2675.000000 0.008464 18.928381
 2700.000000 0.008458 18.928381
 2725.000000 0.008546 18.928381
 2750.000000 0.008487 18.928381
 2775.000000 0.008514 18.928381
 2800.000000 0.008503 18.928381
 2825.000000 0.008527 18.928381
 2850.000000 0.008500 18.928381
 2875.000000 0.008561 18.928381
 2900.000000 0.008525 18.928381
 2925.000000 0.008490 18.928381
 2950.000000 0.008559 18.928381
 2975.000000 0.008443 18.928381
 3000.000000 0.008480 18.928381
 3025.000000 0.008535 28.112712
 3050.000000 0.008513 28.112712
 3075.000000 0.008513 28.112712
 3100.000000 0.008572 28.112712
 3125.000000 0.008588 28.112712
 3150.000000 0.008547 28.112712
 3175.000000 0.008586 28.112712
 3200.000000 0.008497 28.112712
 3225.000000 0.008446 28.112712
 3250.000000 0.008578 28.112712
 3275.000000 0.008497 28.112712
 3300.000000 0.008587 28.112712
 3325.000000 0.008529 28.112712
 3350.000000 0.008519 28.112712
 3375.000000 0.008465 28.112712
 3400.000000 0.008537 28.112712
 3425.000000 0.008520 28.112712
 3450.000000 0.008558 28.112712
 3475.000000 0.008433 28.112712
 3500.000000 0.008500 28.112712
 3525.000000 0.008476 28.112712
 3550.000000 0.008537 28.112712
 3575.000000 0.008566 28.112712
 3600.000000 0.008513 28.112712
 3625.000000 0.008477 28.112712
 3650.000000 0.008555 28.112712
 3675.000000 0.008542 28.112712
 3700.000000 0.008587 28.112712
 3725.000000 0.008497 28.112712
 3750.000000 0.008471 28.112712
 3775.000000 0.008530 28.112712
 3800.000000 0.008455 28.112712
 3825.000000 0.008501 28.112712
 3850.000000 0.008464 28.112712
 3875.000000 0.008524 28.112712
 3900.000000 0.008501 28.112712
 3925.000000 0.008511 28.112712
 3950.000000 0.008428 28.112712
 3975.000000 0.008526 28.112712
 4000.000000 0.008470 28.112712
 4025.000000 0.008471 37.120117
 4050.000000 0.008443 37.120117
 4075.000000 0.008461 37.120117
 4100.000000 0.008456 37.120117
 4125.000000 0.008464 37.120117
 4150.000000 0.008436 37.120117
 4175.000000 0.008540 37.120117
 4200.000000 0.008478 37.120117
 4225.000000 0.008476 37.120117
 4250.000000 0.008488 37.120117
 4275.000000 0.008474 37.120117
 4300.000000 0.008493 37.120117
 4325.000000 0.008506 37.120117
 4350.000000 0.008429 37.120117
 4375.000000 0.008505 37.120117
 4400.000000 0.008509 37.120117
 4425.000000 0.008504 37.120117
 4450.000000 0.008501 37.120117
 4475.000000 0.008502 37.120117
 4500.000000 0.008542 37.120117
 4525.000000 0.008541 37.120117
 4550.000000 0.008497 37.120117
 4575.000000 0.008554 37.120117
 4600.000000 0.008494 37.120117
 4625.000000 0.008534 37.120117
 4650.000000 0.008578 37.120117
 4675.000000 0.008473 37.120117
 4700.000000 0.008379 37.120117
 4725.000000 0.008477 37.120117
 4750.000000 0.008490 37.120117
 4775.000000 0.008472 37.120117
 4800.000000 0.008550 37.120117
 4825.000000 0.008452 37.120117
 4850.000000 0.008536 37.120117
 4875.000000 0.008510 37.120117
 4900.000000 0.008390 37.120117
 4925.000000 0.008478 37.120117
 4950.000000 0.008554 37.120117
 4975.000000 0.008514 37.120117
 5000.000000 0.008510 37.120117
 5025.000000 0.008533 45.957316
 5050.000000 0.008419 45.957316
 5075.000000 0.008513 45.957316
 5100.000000 0.008526 45.957316
 5125.000000 0.008498 45.957316
 5150.000000 0.008515 45.957316
 5175.000000 0.008545 45.957316
 5200.000000 0.008476 45.957316
 5225.000000 0.008571 45.957316
 5250.000000 0.008470 45.957316
 5275.000000 0.008469 45.957316
 5300.000000 0.008458 45.957316
 5325.000000 0.008547 45.957316
 5350.000000 0.008482 45.957316
 5375.000000 0.008453 45.957316
 5400.000000 0.008530 45.957316
 5425.000000 0.008453 45.957316
 5450.000000 0.008521 45.957316
 5475.000000 0.008471 45.957316
 5500.000000 0.008467 45.957316
 5525.000000 0.008492 45.957316
 5550.000000 0.008578 45.957316
 5575.000000 0.008498 45.957316
 5600.000000 0.008512 45.957316
 5625.000000 0.008556 45.957316
 5650.000000 0.008520 45.957316
 5675.000000 0.008481 45.957316
 5700.000000 0.008509 45.957316
 5725.000000 0.008465 45.957316
 5750.000000 0.008476 45.957316
 5775.000000 0.008462 45.957316
 5800.000000 0.008436 45.957316
 5825.000000 0.008522 45.957316
 5850.000000 0.008495 45.957316
 5875.000000 0.008456 45.957316
 5900.000000 0.008546 45.957316
 5925.000000 0.008494 45.957316
 5950.000000 0.008444 45.957316
 5975.000000 0.008481 45.957316
 6000.000000 0.008564 45.957316
 6025.000000 0.008563 54.630652
 6050.000000 0.008520 54.630652
 6075.000000 0.008474 54.630652
 6100.000000 0.008455 54.630652
 6125.000000 0.008476 54.630652
 6150.000000 0.008408 54.630652
 6175.000000 0.008518 54.630652
 6200.000000 0.008508 54.630652
 6225.000000 0.008569 54.630652
 6250.000000 0.008537 54.630652
 6275.000000 0.008506 54.630652
 6300.000000 0.008437 54.630652
 6325.000000 0.008491 54.630652
 6350.000000 0.008467 54.630652
 6375.000000 0.008470 54.630652
 6400.000000 0.008534 54.630652
 6425.000000 0.008535 54.630652
 6450.000000 0.008398 54.630652
 6475.000000 0.008500 54.630652
 6500.000000 0.008440 54.630652
 6525.000000 0.008496 54.630652
 6550.000000 0.008623 54.630652
 6575.000000 0.008513 54.630652
 6600.000000 0.008490 54.630652
 6625.000000 0.008512 54.630652
 6650.000000 0.008529 54.630652
 6675.000000 0.008547 54.630652
 6700.000000 0.008499 54.630652
 6725.000000 0.008507 54.630652
 6750.000000 0.008571 54.630652
 6775.000000 0.008543 54.630652
 6800.000000 0.008493 54.630652
 6825.000000 0.008535 54.630652
 6850.000000 0.008426 54.630652
 6875.000000 0.008512 54.630652
 6900.000000 0.008509 54.630652
 6925.000000 0.008474 54.630652
 6950.000000 0.008495 54.630652
 6975.000000 0.008481 54.630652
 7000.000000 0.008580 54.630652
 7025.000000 0.008510 63.146117
 7050.000000 0.008553 63.146117
 7075.000000 0.008555 63.146117
 7100.000000 0.008553 63.146117
 7125.000000 0.008497 63.146117
 7150.000000 0.008530 63.146117
 7175.000000 0.008470 63.146117
 7200.000000 0.008456 63.146117
 7225.000000 0.008566 63.146117
 7250.000000 0.008357 63.146117
 7275.000000 0.008519 63.146117
 7300.000000 0.008520 63.146117
 7325.000000 0.008559 63.146117
 7350.000000 0.008483 63.146117
 7375.000000 0.008445 63.146117
 7400.000000 0.008455 63.146117
 7425.000000 0.008416 63.146117
 7450.000000 0.008491 63.146117
 7475.000000 0.008507 63.146117
 7500.000000 0.008449 63.146117
 7525.000000 0.008430 63.146117
 7550.000000 0.008547 63.146117
 7575.000000 0.008526 63.146117
 7600.000000 0.008499 63.146117
 7625.000000 0.008519 63.146117
 7650.000000 0.008512 63.146117
 7675.000000 0.008471 63.146117
 7700.000000 0.008514 63.146117
 7725.000000 0.008417 63.146117
 7750.000000 0.008443 63.146117
 7775.000000 0.008442 63.146117
 7800.000000 0.008537 63.146117
 7825.000000 0.008508 63.146117
 7850.000000 0.008459 63.146117
 7875.000000 0.008510 63.146117
 7900.000000 0.008536 63.146117
 7925.000000 0.008517 63.146117
 7950.000000 0.008416 63.146117
 7975.000000 0.008571 63.146117
 8000.000000 0.008502 63.146117
 8025.000000 0.008417 71.509382
 8050.000000 0.008534 71.509382
 8075.000000 0.008503 71.509382
 8100.000000 0.008484 71.509382
 8125.000000 0.008483 71.509382
 8150.000000 0.008571 71.509382
 8175.000000 0.008480 71.509382
 8200.000000 0.008508 71.509382
 8225.000000 0.008501 71.509382
 8250.000000 0.008524 71.509382
 8275.000000 0.008503 71.509382
 8300.000000 0.008506 71.509382
 8325.000000 0.008524 71.509382
 8350.000000 0.008472 71.509382
 8375.000000 0.008429 71.509382
 8400.000000 0.008500 71.509382
 8425.000000 0.008487 71.509382
 8450.000000 0.008438 71.509382
 8475.000000 0.008451 71.509382
 8500.000000 0.008512 71.509382
 8525.000000 0.008456 71.509382
 8550.000000 0.008481 71.509382
 8575.000000 0.008554 71.509382
 8600.000000 0.008541 71.509382
 8625.000000 0.008524 71.509382
 8650.000000 0.008450 71.509382
 8675.000000 0.008486 71.509382
 8700.000000 0.008487 71.509382
 8725.000000 0.008495 71.509382
 8750.000000 0.008447 71.509382
 8775.000000 0.008437 71.509382
 8800.000000 0.008477 71.509382
 8825.000000 0.008430 71.509382
 8850.000000 0.008619 71.509382
 8875.000000 0.008493 71.509382
 8900.000000 0.008418 71.509382
 8925.000000 0.008486 71.509382
 8950.000000 0.008472 71.509382
 8975.000000 0.008530 71.509382
 9000.000000 0.008547 71.509382
 9025.000000 0.008519 79.725814
 9050.000000 0.008489 79.725814
 9075.000000 0.008533 79.725814
 9100.000000 0.008448 79.725814
 9125.000000 0.008528 79.725814
 9150.000000 0.008486 79.725814
 9175.000000 0.008544 79.725814
 9200.000000 0.008454 79.725814
 9225.000000 0.008485 79.725814
 9250.000000 0.008504 79.725814
 9275.000000 0.008595 79.725814
 9300.000000 0.008415 79.725814
 9325.000000 0.008567 79.725814
 9350.000000 0.008475 79.725814
 9375.000000 0.008507 79.725814
 9400.000000 0.008501 79.725814
 9425.000000 0.008511 79.725814
 9450.000000 0.008545 79.725814
 9475.000000 0.008435 79.725814
 9500.000000 0.008630 79.725814
 9525.000000 0.008627 79.725814
 9550.000000 0.008564 79.725814
 9575.000000 0.008445 79.725814
 9600.000000 0.008396 79.725814
 9625.000000 0.008448 79.725814
 9650.000000 0.008452 79.725814
 9675.000000 0.008500 79.725814
 9700.000000 0.008601 79.725814
 9725.000000 0.008542 79.725814
 9750.000000 0.008572 79.725814
 9775.000000 0.008514 79.725814
 9800.000000 0.008501 79.725814
 9825.000000 0.008519 79.725814
 9850.000000 0.008517 79.725814
 9875.000000 0.008538 79.725814
 9900.000000 0.008490 79.725814
 9925.000000 0.008532 79.725814
 9950.000000 0.008484 79.725814
 9975.000000 0.008511 79.725814
 10000.000000 0.008462 79.725814
 10025.000000 0.008547 87.800502
 10050.000000 0.008547 87.800502
 10075.000000 0.008484 87.800502
 10100.000000 0.008546 87.800502
 10125.000000 0.008474 87.800502
 10150.000000 0.008428 87.800502
 10175.000000 0.008470 87.800502
 10200.000000 0.008517 87.800502
 10225.000000 0.008599 87.800502
 10250.000000 0.008571 87.800502
 10275.000000 0.008485 87.800502
 10300.000000 0.008501 87.800502
 10325.000000 0.008431 87.800502
 10350.000000 0.008465 87.800502
 10375.000000 0.008545 87.800502
 10400.000000 0.008497 87.800502
 10425.000000 0.008530 87.800502
 10450.000000 0.008548 87.800502
 10475.000000 0.008575 87.800502
 10500.000000 0.008557 87.800502
 10525.000000 0.008454 87.800502
 10550.000000 0.008519 87.800502
 10575.000000 0.008532 87.800502
 10600.000000 0.008531 87.800502
 10625.000000 0.008540 87.800502
 10650.000000 0.008447 87.800502
 10675.000000 0.008445 87.800502
 10700.000000 0.008561 87.800502
 10725.000000 0.008439 87.800502
 10750.000000 0.008578 87.800502
 10775.000000 0.008501 87.800502
 10800.000000 0.008455 87.800502
 10825.000000 0.008428 87.800502
 10850.000000 0.008472 87.800502
 10875.000000 0.008548 87.800502
 10900.000000 0.008459 87.800502
 10925.000000 0.008427 87.800502
 10950.000000 0.008474 87.800502
 10975.000000 0.008551 87.800502
 11000.000000 0.008547 87.800502
 11025.000000 0.008482 95.738274
 11050.000000 0.008567 95.738274
 11075.000000 0.008456 95.738274
 11100.000000 0.008452 95.738274
 11125.000000 0.008476 95.738274
 11150.000000 0.008373 95.738274
 11175.000000 0.008459 95.738274
 11200.000000 0.008502 95.738274
 11225.000000 0.008486 95.738274
 11250.000000 0.008489 95.738274
 11275.000000 0.008520 95.738274
 11300.000000 0.008579 95.738274
 11325.000000 0.008468 95.738274
 11350.000000 0.008459 95.738274
 11375.000000 0.008475 95.738274
 11400.000000 0.008465 95.738274
 11425.000000 0.008569 95.738274
 11450.000000 0.008522 95.738274
 11475.000000 0.008541 95.738274
 11500.000000 0.008534 95.738274
 11525.000000 0.008559 95.738274
 11550.000000 0.008523 95.738274
 11575.000000 0.008540 95.738274
 11600.000000 0.008486 95.738274
 11625.000000 0.008490 95.738274
 11650.000000 0.008510 95.738274
 11675.000000 0.008441 95.738274
 11700.000000 0.008399 95.738274
 11725.000000 0.008491 95.738274
 11750.000000 0.008401 95.738274
 11775.000000 0.008454 95.738274
 11800.000000 0.008503 95.738274
 11825.000000 0.008513 95.738274
 11850.000000 0.008526 95.738274
 11875.000000 0.008466 95.738274
 11900.000000 0.008484 95.738274
 11925.000000 0.008548 95.738274
 11950.000000 0.008384 95.738274
 11975.000000 0.008588 95.738274
 12000.000000 0.008460 95.738274
 12025.000000 0.008471 103.543714
 12050.000000 0.008542 103.543714
 12075.000000 0.008432 103.543714
 12100.000000 0.008427 103.543714
 12125.000000 0.008529 103.543714
 12150.000000 0.008519 103.543714
 12175.000000 0.008563 103.543714
 12200.000000 0.008448 103.543714
 12225.000000 0.008406 103.543714
 12250.000000 0.008476 103.543714
 12275.000000 0.008518 103.543714
 12300.000000 0.008466 103.543714
 12325.000000 0.008428 103.543714
 12350.000000 0.008473 103.543714
 12375.000000 0.008454 103.543714
 12400.000000 0.008457 103.543714
 12425.000000 0.008442 103.543714
 12450.000000 0.008505 103.543714
 12475.000000 0.008499 103.543714
 12500.000000 0.008477 103.543714
 12525.000000 0.008527 103.543714
 12550.000000 0.008459 103.543714
 12575.000000 0.008565 103.543714
 12600.000000 0.008538 103.543714
 12625.000000 0.008476 103.543714
 12650.000000 0.008529 103.543714
 12675.000000 0.008497 103.543714
 12700.000000 0.008517 103.543714
 12725.000000 0.008550 103.543714
 12750.000000 0.008449 103.543714
 12775.000000 0.008426 103.543714
 12800.000000 0.008511 103.543714
 12825.000000 0.008413 103.543714
 12850.000000 0.008491 103.543714
 12875.000000 0.008447 103.543714
 12900.000000 0.008524 103.543714
 12925.000000 0.008426 103.543714
 12950.000000 0.008484 103.543714
 12975.000000 0.008422 103.543714
 13000.000000 0.008514 103.543714
 13025.000000 0.008443 111.221181
 13050.000000 0.008475 111.221181
 13075.000000 0.008459 111.221181
 13100.000000 0.008552 111.221181
 13125.000000 0.008459 111.221181
 13150.000000 0.008434 111.221181
 13175.000000 0.008436 111.221181
 13200.000000 0.008519 111.221181
 13225.000000 0.008444 111.221181
 13250.000000 0.008455 111.221181
 13275.000000 0.008475 111.221181
 13300.000000 0.008476 111.221181
 13325.000000 0.008477 111.221181
 13350.000000 0.008449 111.221181
 13375.000000 0.008448 111.221181
 13400.000000 0.008469 111.221181
 13425.000000 0.008512 111.221181
 13450.000000 0.008466 111.221181
 13475.000000 0.008489 111.221181
 13500.000000 0.008412 111.221181
 13525.000000 0.008475 111.221181
 13550.000000 0.008479 111.221181
 13575.000000 0.008449 111.221181
 13600.000000 0.008480 111.221181
 13625.000000 0.008573 111.221181
 13650.000000 0.008496 111.221181
 13675.000000 0.008525 111.221181
 13700.000000 0.008483 111.221181
 13725.000000 0.008441 111.221181
 13750.000000 0.008463 111.221181
 13775.000000 0.008440 111.221181
 13800.000000 0.008506 111.221181
 13825.000000 0.008476 111.221181
 13850.000000 0.008475 111.221181
 13875.000000 0.008469 111.221181
 13900.000000 0.008533 111.221181
 13925.000000 0.008423 111.221181
 13950.000000 0.008526 111.221181
 13975.000000 0.008477 111.221181
 14000.000000 0.008492 111.221181
 14025.000000 0.008453 118.774819
 14050.000000 0.008495 118.774819
 14075.000000 0.008508 118.774819
 14100.000000 0.008516 118.774819
 14125.000000 0.008526 118.774819
 14150.000000 0.008538 118.774819
 14175.000000 0.008419 118.774819
 14200.000000 0.008540 118.774819
 14225.000000 0.008540 118.774819
 14250.000000 0.008472 118.774819
 14275.000000 0.008463 118.774819
 14300.000000 0.008426 118.774819
 14325.000000 0.008498 118.774819
 14350.000000 0.008539 118.774819
 14375.000000 0.008438 118.774819
 14400.000000 0.008497 118.774819
 14425.000000 0.008456 118.774819
 14450.000000 0.008554 118.774819
 14475.000000 0.008512 118.774819
 14500.000000 0.008573 118.774819
 14525.000000 0.008532 118.774819
 14550.000000 0.008456 118.774819
 14575.000000 0.008496 118.774819
 14600.000000 0.008501 118.774819
 14625.000000 0.008580 118.774819
 14650.000000 0.008499 118.774819
 14675.000000 0.008463 118.774819
 14700.000000 0.008514 118.774819
 14725.000000 0.008547 118.774819
 14750.000000 0.008529 118.774819
 14775.000000 0.008502 118.774819
 14800.000000 0.008439 118.774819
 14825.000000 0.008587 118.774819
 14850.000000 0.008493 118.774819
 14875.000000 0.008462 118.774819
 14900.000000 0.008387 118.774819
 14925.000000 0.008553 118.774819
 14950.000000 0.008513 118.774819
 14975.000000 0.008456 118.774819
 15000.000000 0.008492 118.774819
 15025.000000 0.008434 126.208576
 15050.000000 0.008382 126.208576
 15075.000000 0.008449 126.208576
 15100.000000 0.008492 126.208576
 15125.000000 0.008514 126.208576
 15150.000000 0.008436 126.208576
 15175.000000 0.008517 126.208576
 15200.000000 0.008540 126.208576
 15225.000000 0.008538 126.208576
 15250.000000 0.008494 126.208576
 15275.000000 0.008453 126.208576
 15300.000000 0.008518 126.208576
 15325.000000 0.008529 126.208576
 15350.000000 0.008550 126.208576
 15375.000000 0.008459 126.208576
 15400.000000 0.008530 126.208576
 15425.000000 0.008530 126.208576
 15450.000000 0.008481 126.208576
 15475.000000 0.008577 126.208576
 15500.000000 0.008503 126.208576
 15525.000000 0.008526 126.208576
 15550.000000 0.008510 126.208576
 15575.000000 0.008467 126.208576
 15600.000000 0.008494 126.208576
 15625.000000 0.008542 126.208576
 15650.000000 0.008498 126.208576
 15675.000000 0.008535 126.208576
 15700.000000 0.008528 126.208576
 15725.000000 0.008610 126.208576
 15750.000000 0.008522 126.208576
 15775.000000 0.008531 126.208576
 15800.000000 0.008573 126.208576
 15825.000000 0.008527 126.208576
 15850.000000 0.008550 126.208576
 15875.000000 0.008521 126.208576
 15900.000000 0.008534 126.208576
 15925.000000 0.008557 126.208576
 15950.000000 0.008472 126.208576
 15975.000000 0.008620 126.208576
 16000.000000 0.008535 126.208576
 16025.000000 0.008446 133.526210
 16050.000000 0.008523 133.526210
 16075.000000 0.008514 133.526210
 16100.000000 0.008572 133.526210
 16125.000000 0.008520 133.526210
 16150.000000 0.008487 133.526210
 16175.000000 0.008486 133.526210
 16200.000000 0.008565 133.526210
 16225.000000 0.008491 133.526210
 16250.000000 0.008607 133.526210
 16275.000000 0.008548 133.526210
 16300.000000 0.008492 133.526210
 16325.000000 0.008474 133.526210
 16350.000000 0.008491 133.526210
 16375.000000 0.008504 133.526210
 16400.000000 0.008590 133.526210
 16425.000000 0.008530 133.526210
 16450.000000 0.008517 133.526210
 16475.000000 0.008538 133.526210
 16500.000000 0.008545 133.526210
 16525.000000 0.008550 133.526210
 16550.000000 0.008451 133.526210
 16575.000000 0.008562 133.526210
 16600.000000 0.008533 133.526210
 16625.000000 0.008498 133.526210
 16650.000000 0.008416 133.526210
 16675.000000 0.008545 133.526210
 16700.000000 0.008458 133.526210
 16725.000000 0.008526 133.526210
 16750.000000 0.008537 133.526210
 16775.000000 0.008541 133.526210
 16800.000000 0.008523 133.526210
 16825.000000 0.008515 133.526210
 16850.000000 0.008554 133.526210
 16875.000000 0.008505 133.526210
 16900.000000 0.008522 133.526210
 16925.000000 0.008463 133.526210
 16950.000000 0.008542 133.526210
 16975.000000 0.008488 133.526210
 17000.000000 0.008560 133.526210
 17025.000000 0.008559 140.731309
 17050.000000 0.008490 140.731309
 17075.000000 0.008550 140.731309
 17100.000000 0.008532 140.731309
 17125.000000 0.008550 140.731309
 17150.000000 0.008545 140.731309
 17175.000000 0.008582 140.731309
 17200.000000 0.008507 140.731309
 17225.000000 0.008546 140.731309
 17250.000000 0.008387 140.731309
 17275.000000 0.008571 140.731309
 17300.000000 0.008491 140.731309
 17325.000000 0.008495 140.731309
 17350.000000 0.008521 140.731309
 17375.000000 0.008534 140.731309
 17400.000000 0.008562 140.731309
 17425.000000 0.008559 140.731309
 17450.000000 0.008524 140.731309
 17475.000000 0.008546 140.731309
 17500.000000 0.008504 140.731309
 17525.000000 0.008565 140.731309
 17550.000000 0.008415 140.731309
 17575.000000 0.008490 140.731309
 17600.000000 0.008497 140.731309
 17625.000000 0.008469 140.731309
 17650.000000 0.008555 140.731309
 17675.000000 0.008572 140.731309
 17700.000000 0.008438 140.731309
 17725.000000 0.008518 140.731309
 17750.000000 0.008504 140.731309
 17775.000000 0.008564 140.731309
 17800.000000 0.008433 140.731309
 17825.000000 0.008535 140.731309
 17850.000000 0.008540 140.731309
 17875.000000 0.008525 140.731309
 17900.000000 0.008480 140.731309
 17925.000000 0.008517 140.731309
 17950.000000 0.008516 140.731309
 17975.000000 0.008488 140.731309
 18000.000000 0.008536 140.731309
 18025.000000 0.008459 147.827293
 18050.000000 0.008455 147.827293
 18075.000000 0.008479 147.827293
 18100.000000 0.008565 147.827293
 18125.000000 0.008594 147.827293
 18150.000000 0.008390 147.827293
 18175.000000 0.008527 147.827293
 18200.000000 0.008457 147.827293
 18225.000000 0.008551 147.827293
 18250.000000 0.008461 147.827293
 18275.000000 0.008536 147.827293
 18300.000000 0.008613 147.827293
 18325.000000 0.008447 147.827293
 18350.000000 0.008497 147.827293
 18375.000000 0.008513 147.827293
 18400.000000 0.008507 147.827293
 18425.000000 0.008403 147.827293
 18450.000000 0.008463 147.827293
 18475.000000 0.008500 147.827293
 18500.000000 0.008462 147.827293
 18525.000000 0.008532 147.827293
 18550.000000 0.008560 147.827293
 18575.000000 0.008450 147.827293
 18600.000000 0.008486 147.827293
 18625.000000 0.008459 147.827293
 18650.000000 0.008445 147.827293
 18675.000000 0.008525 147.827293
 18700.000000 0.008539 147.827293
 18725.000000 0.008480 147.827293
 18750.000000 0.008529 147.827293
 18775.000000 0.008516 147.827293
 18800.000000 0.008460 147.827293
 18825.000000 0.008435 147.827293
 18850.000000 0.008521 147.827293
 18875.000000 0.008396 147.827293
 18900.000000 0.008499 147.827293
 18925.000000 0.008481 147.827293
 18950.000000 0.008526 147.827293
 18975.000000 0.008509 147.827293
 19000.000000 0.008417 147.827293
 19025.000000 0.008482 154.817430
 19050.000000 0.008460 154.817430
 19075.000000 0.008526 154.817430
 19100.000000 0.008391 154.817430
 19125.000000 0.008496 154.817430
 19150.000000 0.008468 154.817430
 19175.000000 0.008440 154.817430
 19200.000000 0.008567 154.817430
 19225.000000 0.008451 154.817430
 19250.000000 0.008464 154.817430
 19275.000000 0.008499 154.817430
 19300.000000 0.008527 154.817430
 19325.000000 0.008481 154.817430
 19350.000000 0.008445 154.817430
 19375.000000 0.008517 154.817430
 19400.000000 0.008530 154.817430
 19425.000000 0.008480 154.817430
 19450.000000 0.008494 154.817430
 19475.000000 0.008459 154.817430
 19500.000000 0.008460 154.817430
 19525.000000 0.008497 154.817430
 19550.000000 0.008463 154.817430
 19575.000000 0.008428 154.817430
 19600.000000 0.008487 154.817430
 19625.000000 0.008464 154.817430
 19650.000000 0.008541 154.817430
 19675.000000 0.008502 154.817430
 19700.000000 0.008417 154.817430
 19725.000000 0.008528 154.817430
 19750.000000 0.008439 154.817430
 19775.000000 0.008513 154.817430
 19800.000000 0.008430 154.817430
 19825.000000 0.008505 154.817430
 19850.000000 0.008471 154.817430
 19875.000000 0.008508 154.817430
 19900.000000 0.008463 154.817430
 19925.000000 0.008551 154.817430
 19950.000000 0.008522 154.817430
 19975.000000 0.008409 154.817430
 20000.000000 0.008504 154.817430
 20025.000000 0.008461 161.704844
 20050.000000 0.008508 161.704844
 20075.000000 0.008511 161.704844
 20100.000000 0.008434 161.704844
 20125.000000 0.008538 161.704844
 20150.000000 0.008436 161.704844
 20175.000000 0.008414 161.704844
 20200.000000 0.008571 161.704844
 20225.000000 0.008473 161.704844
 20250.000000 0.008528 161.704844
 20275.000000 0.008409 161.704844
 20300.000000 0.008483 161.704844
 20325.000000 0.008425 161.704844
 20350.000000 0.008549 161.704844
 20375.000000 0.008493 161.704844
 20400.000000 0.008434 161.704844
 20425.000000 0.008461 161.704844
 20450.000000 0.008498 161.704844
 20475.000000 0.008483 161.704844
 20500.000000 0.008471 161.704844
 20525.000000 0.008578 161.704844
 20550.000000 0.008485 161.704844
 20575.000000 0.008492 161.704844
 20600.000000 0.008464 161.704844
 20625.000000 0.008546 161.704844
 20650.000000 0.008520 161.704844
 20675.000000 0.008540 161.704844
 20700.000000 0.008462 161.704844
 20725.000000 0.008502 161.704844
 20750.000000 0.008481 161.704844
 20775.000000 0.008487 161.704844
 20800.000000 0.008536 161.704844
 20825.000000 0.008522 161.704844
 20850.000000 0.008460 161.704844
 20875.000000 0.008503 161.704844
 20900.000000 0.008366 161.704844
 20925.000000 0.008404 161.704844
 20950.000000 0.008384 161.704844
 20975.000000 0.008399 161.704844
 21000.000000 0.008431 161.704844
 21025.000000 0.008481 168.492520
 21050.000000 0.008536 168.492520
 21075.000000 0.008481 168.492520
 21100.000000 0.008578 168.492520
 21125.000000 0.008501 168.492520
 21150.000000 0.008478 168.492520
 21175.000000 0.008489 168.492520
 21200.000000 0.008432 168.492520
 21225.000000 0.008532 168.492520
 21250.000000 0.008415 168.492520
 21275.000000 0.008405 168.492520
 21300.000000 0.008426 168.492520
 21325.000000 0.008563 168.492520
 21350.000000 0.008531 168.492520
 21375.000000 0.008553 168.492520
 21400.000000 0.008506 168.492520
 21425.000000 0.008526 168.492520
 21450.000000 0.008469 168.492520
 21475.000000 0.008488 168.492520
 21500.000000 0.008535 168.492520
 21525.000000 0.008436 168.492520
 21550.000000 0.008471 168.492520
 21575.000000 0.008525 168.492520
 21600.000000 0.008442 168.492520
 21625.000000 0.008532 168.492520
 21650.000000 0.008443 168.492520
 21675.000000 0.008542 168.492520
 21700.000000 0.008557 168.492520
 21725.000000 0.008505 168.492520
 21750.000000 0.008553 168.492520
 21775.000000 0.008532 168.492520
 21800.000000 0.008444 168.492520
 21825.000000 0.008497 168.492520
 21850.000000 0.008428 168.492520
 21875.000000 0.008459 168.492520
 21900.000000 0.008461 168.492520
 21925.000000 0.008563 168.492520
 21950.000000 0.008487 168.492520
 21975.000000 0.008515 168.492520
 22000.000000 0.008372 168.492520
 22025.000000 0.008474 175.183316
 22050.000000 0.008505 175.183316
 22075.000000 0.008507 175.183316
 22100.000000 0.008487 175.183316
 22125.000000 0.008457 175.183316
 22150.000000 0.008556 175.183316
 22175.000000 0.008539 175.183316
 22200.000000 0.008604 175.183316
 22225.000000 0.008430 175.183316
 22250.000000 0.008518 175.183316
 22275.000000 0.008434 175.183316
 22300.000000 0.008530 175.183316
 22325.000000 0.008452 175.183316
 22350.000000 0.008585 175.183316
 22375.000000 0.008499 175.183316
 22400.000000 0.008490 175.183316
 22425.000000 0.008497 175.183316
 22450.000000 0.008510 175.183316
 22475.000000 0.008370 175.183316
 22500.000000 0.008535 175.183316
 22525.000000 0.008533 175.183316
 22550.000000 0.008424 175.183316
 22575.000000 0.008533 175.183316
 22600.000000 0.008472 175.183316
 22625.000000 0.008578 175.183316
 22650.000000 0.008460 175.183316
 22675.000000 0.008529 175.183316
 22700.000000 0.008493 175.183316
 22725.000000 0.008517 175.183316
 22750.000000 0.008490 175.183316
 22775.000000 0.008516 175.183316
 22800.000000 0.008515 175.183316
 22825.000000 0.008519 175.183316
 22850.000000 0.008582 175.183316
 22875.000000 0.008477 175.183316
 22900.000000 0.008543 175.183316
 22925.000000 0.008536 175.183316
 22950.000000 0.008601 175.183316
 22975.000000 0.008512 175.183316
 23000.000000 0.008546 175.183316
 23025.000000 0.008509 181.779967
 23050.000000 0.008491 181.779967
 23075.000000 0.008550 181.779967
 23100.000000 0.008527 181.779967
 23125.000000 0.008462 181.779967
 23150.000000 0.008560 181.779967
 23175.000000 0.008509 181.779967
 23200.000000 0.008451 181.779967
 23225.000000 0.008550 181.779967
 23250.000000 0.008523 181.779967
 23275.000000 0.008491 181.779967
 23300.000000 0.008514 181.779967
 23325.000000 0.008585 181.779967
 23350.000000 0.008578 181.779967
 23375.000000 0.008474 181.779967
 23400.000000 0.008539 181.779967
 23425.000000 0.008541 181.779967
 23450.000000 0.008478 181.779967
 23475.000000 0.008464 181.779967
 23500.000000 0.008581 181.779967
 23525.000000 0.008492 181.779967
 23550.000000 0.008526 181.779967
 23575.000000 0.008549 181.779967
 23600.000000 0.008560 181.779967
 23625.000000 0.008477 181.779967
 23650.000000 0.008596 181.779967
 23675.000000 0.008594 181.779967
 23700.000000 0.008548 181.779967
 23725.000000 0.008553 181.779967
 23750.000000 0.008582 181.779967
 23775.000000 0.008441 181.779967
 23800.000000 0.008546 181.779967
 23825.000000 0.008555 181.779967
 23850.000000 0.008538 181.779967
 23875.000000 0.008603 181.779967
 23900.000000 0.008510 181.779967
 23925.000000 0.008604 181.779967
 23950.000000 0.008575 181.779967
 23975.000000 0.008493 181.779967
 24000.000000 0.008524 181.779967
 24025.000000 0.008524 188.285096
 24050.000000 0.008488 188.285096
 24075.000000 0.008478 188.285096
 24100.000000 0.008601 188.285096
 24125.000000 0.008519 188.285096
 24150.000000 0.008490 188.285096
 24175.000000 0.008522 188.285096
 24200.000000 0.008489 188.285096
 24225.000000 0.008401 188.285096
 24250.000000 0.008480 188.285096
 24275.000000 0.008466 188.285096
 24300.000000 0.008471 188.285096
 24325.000000 0.008543 188.285096
 24350.000000 0.008500 188.285096
 24375.000000 0.008490 188.285096
 24400.000000 0.008574 188.285096
 24425.000000 0.008464 188.285096
 24450.000000 0.008488 188.285096
 24475.000000 0.008518 188.285096
 24500.000000 0.008524 188.285096
 24525.000000 0.008527 188.285096
 24550.000000 0.008503 188.285096
 24575.000000 0.008549 188.285096
 24600.000000 0.008474 188.285096
 24625.000000 0.008455 188.285096
 24650.000000 0.008469 188.285096
 24675.000000 0.008393 188.285096
 24700.000000 0.008485 188.285096
 24725.000000 0.008449 188.285096
 24750.000000 0.008458 188.285096
 24775.000000 0.008453 188.285096
 24800.000000 0.008498 188.285096
 24825.000000 0.008519 188.285096
 24850.000000 0.008516 188.285096
 24875.000000 0.008516 188.285096
 24900.000000 0.008535 188.285096
 24925.000000 0.008571 188.285096
 24950.000000 0.008574 188.285096
 24975.000000 0.008565 188.285096
 25000.000000 0.008547 188.285096
 25025.000000 0.008472 194.701216
 25050.000000 0.008418 194.701216
 25075.000000 0.008463 194.701216
 25100.000000 0.008572 194.701216
 25125.000000 0.008517 194.701216
 25150.000000 0.008471 194.701216
 25175.000000 0.008528 194.701216
 25200.000000 0.008511 194.701216
 25225.000000 0.008521 194.701216
 25250.000000 0.008528 194.701216
 25275.000000 0.008484 194.701216
 25300.000000 0.008518 194.701216
 25325.000000 0.008525 194.701216
 25350.000000 0.008573 194.701216
 25375.000000 0.008572 194.701216
 25400.000000 0.008364 194.701216
 25425.000000 0.008476 194.701216
 25450.000000 0.008498 194.701216
 25475.000000 0.008531 194.701216
 25500.000000 0.008422 194.701216
 25525.000000 0.008457 194.701216
 25550.000000 0.008471 194.701216
 25575.000000 0.008461 194.701216
 25600.000000 0.008498 194.701216
 25625.000000 0.008494 194.701216
 25650.000000 0.008491 194.701216
 25675.000000 0.008495 194.701216
 25700.000000 0.008460 194.701216
 25725.000000 0.008476 194.701216
 25750.000000 0.008506 194.701216
 25775.000000 0.008496 194.701216
 25800.000000 0.008448 194.701216
 25825.000000 0.008423 194.701216
 25850.000000 0.008439 194.701216
 25875.000000 0.008495 194.701216
 25900.000000 0.008469 194.701216
 25925.000000 0.008513 194.701216
 25950.000000 0.008515 194.701216
 25975.000000 0.008482 194.701216
 26000.000000 0.008475 194.701216
 26025.000000 0.008477 201.030738
 26050.000000 0.008486 201.030738
 26075.000000 0.008530 201.030738
 26100.000000 0.008485 201.030738
 26125.000000 0.008491 201.030738
 26150.000000 0.008579 201.030738
 26175.000000 0.008529 201.030738
 26200.000000 0.008523 201.030738
 26225.000000 0.008468 201.030738
 26250.000000 0.008536 201.030738
 26275.000000 0.008470 201.030738
 26300.000000 0.008438 201.030738
 26325.000000 0.008436 201.030738
 26350.000000 0.008400 201.030738
 26375.000000 0.008428 201.030738
 26400.000000 0.008526 201.030738
 26425.000000 0.008571 201.030738
 26450.000000 0.008495 201.030738
 26475.000000 0.008518 201.030738
 26500.000000 0.008403 201.030738
 26525.000000 0.008446 201.030738
 26550.000000 0.008513 201.030738
 26575.000000 0.008474 201.030738
 26600.000000 0.008417 201.030738
 26625.000000 0.008536 201.030738
 26650.000000 0.008530 201.030738
 26675.000000 0.008538 201.030738
 26700.000000 0.008414 201.030738
 26725.000000 0.008434 201.030738
 26750.000000 0.008455 201.030738
 26775.000000 0.008507 201.030738
 26800.000000 0.008570 201.030738
 26825.000000 0.008526 201.030738
 26850.000000 0.008446 201.030738
 26875.000000 0.008515 201.030738
 26900.000000 0.008511 201.030738
 26925.000000 0.008496 201.030738
 26950.000000 0.008527 201.030738
 26975.000000 0.008517 201.030738
 27000.000000 0.008376 201.030738
 27025.000000 0.008479 207.275975
 27050.000000 0.008458 207.275975
 27075.000000 0.008441 207.275975
 27100.000000 0.008501 207.275975
 27125.000000 0.008568 207.275975
 27150.000000 0.008475 207.275975
 27175.000000 0.008464 207.275975
 27200.000000 0.008485 207.275975
 27225.000000 0.008495 207.275975
 27250.000000 0.008443 207.275975
 27275.000000 0.008511 207.275975
 27300.000000 0.008488 207.275975
 27325.000000 0.008442 207.275975
 27350.000000 0.008445 207.275975
 27375.000000 0.008513 207.275975
 27400.000000 0.008380 207.275975
 27425.000000 0.008627 207.275975
 27450.000000 0.008430 207.275975
 27475.000000 0.008420 207.275975
 27500.000000 0.008461 207.275975
 27525.000000 0.008503 207.275975
 27550.000000 0.008495 207.275975
 27575.000000 0.008468 207.275975
 27600.000000 0.008432 207.275975
 27625.000000 0.008519 207.275975
 27650.000000 0.008455 207.275975
 27675.000000 0.008553 207.275975
 27700.000000 0.008484 207.275975
 27725.000000 0.008485 207.275975
 27750.000000 0.008456 207.275975
 27775.000000 0.008368 207.275975
 27800.000000 0.008520 207.275975
 27825.000000 0.008456 207.275975
 27850.000000 0.008508 207.275975
 27875.000000 0.008471 207.275975
 27900.000000 0.008513 207.275975
 27925.000000 0.008495 207.275975
 27950.000000 0.008527 207.275975
 27975.000000 0.008515 207.275975
 28000.000000 0.008525 207.275975
 28025.000000 0.008465 213.439152
 28050.000000 0.008533 213.439152
 28075.000000 0.008463 213.439152
 28100.000000 0.008551 213.439152
 28125.000000 0.008440 213.439152
 28150.000000 0.008551 213.439152
 28175.000000 0.008483 213.439152
 28200.000000 0.008513 213.439152
 28225.000000 0.008482 213.439152
 28250.000000 0.008504 213.439152
 28275.000000 0.008565 213.439152
 28300.000000 0.008435 213.439152
 28325.000000 0.008498 213.439152
 28350.000000 0.008545 213.439152
 28375.000000 0.008440 213.439152
 28400.000000 0.008503 213.439152
 28425.000000 0.008570 213.439152
 28450.000000 0.008461 213.439152
 28475.000000 0.008531 213.439152
 28500.000000 0.008423 213.439151
 28525.000000 0.008555 213.439152
 28550.000000 0.008536 213.439152
 28575.000000 0.008537 213.439152
 28600.000000 0.008474 213.439152
 28625.000000 0.008500 213.439152
 28650.000000 0.008523 213.439152
 28675.000000 0.008514 213.439152
 28700.000000 0.008518 213.439152
 28725.000000 0.008492 213.439152
 28750.000000 0.008479 213.439152
 28775.000000 0.008490 213.439152
 28800.000000 0.008447 213.439152
 28825.000000 0.008636 213.439151
 28850.000000 0.008443 213.439152
 28875.000000 0.008434 213.439152
 28900.000000 0.008540 213.439152
 28925.000000 0.008578 213.439151
 28950.000000 0.008524 213.439152
 28975.000000 0.008516 213.439152
 29000.000000 0.008442 213.439152
 29025.000000 0.008522 219.522401
 29050.000000 0.008538 219.522401
 29075.000000 0.008558 219.522401
 29100.000000 0.008456 219.522401
 29125.000000 0.008518 219.522401
 29150.000000 0.008529 219.522401
 29175.000000 0.008527 219.522401
 29200.000000 0.008541 219.522401
 29225.000000 0.008496 219.522401
 29250.000000 0.008396 219.522401
 29275.000000 0.008480 219.522401
 29300.000000 0.008498 219.522401
 29325.000000 0.008570 219.522401
 29350.000000 0.008450 219.522401
 29375.000000 0.008566 219.522401
 29400.000000 0.008523 219.522401
 29425.000000 0.008554 219.522401
 29450.000000 0.008538 219.522401
 29475.000000 0.008502 219.522401
 29500.000000 0.008545 219.522401
 29525.000000 0.008556 219.522401
 29550.000000 0.008443 219.522401
 29575.000000 0.008515 219.522401
 29600.000000 0.008493 219.522401
 29625.000000 0.008515 219.522401
 29650.000000 0.008492 219.522401
 29675.000000 0.008485 219.522401
 29700.000000 0.008475 219.522401
 29725.000000 0.008526 219.522401
 29750.000000 0.008515 219.522401
 29775.000000 0.008465 219.522401
 29800.000000 0.008506 219.522401
 29825.000000 0.008467 219.522401
 29850.000000 0.008465 219.522401
 29875.000000 0.008478 219.522401
 29900.000000 0.008514 219.522401
 29925.000000 0.008577 219.522401
 29950.000000 0.008423 219.522401
 29975.000000 0.008498 219.522401
 30000.000000 0.008457 219.522401
