#! FIELDS time xrd.q-0 sigma_xrd.q-0 height biasf
#! SET multivariate false
#! SET kerneltype stretched-gaussian
                   1000   0.008539560095797837                      5      9.656565656565657                    100
                   2000   0.008514322315155818                      5      9.463011534067496                    100
                   3000   0.008479603258173504                      5       9.27710117030562                    100
                   4000   0.008470107478016232                      5      9.098389128909071                    100
                   5000   0.008510221121693213                      5      8.926464002798591                    100
                   6000   0.008563628591473933                      5      8.760945219828621                    100
                   7000   0.008579620062305731                      5      8.601480201763794                    100
                   8000   0.008501917683687439                      5      8.447741832588815                    100
                   9000   0.008547318073993383                      5      8.299426197139351                    100
                  10000    0.00846188205402452                      5      8.156250556207365                    100
                  11000   0.008546709967201369                      5      8.017951530719341                    100
                  12000   0.008460100595713569                      5      7.884283470604476                    100
                  13000   0.008514184324685538                      5      7.755016984290318                    100
                  14000    0.00849243144507272                      5      7.629937614621803                    100
                  15000     0.0084916778878515                      5      7.508844640083462                    100
                  16000   0.008534505840553855                      5      7.391549991341389                    100
                  17000   0.008560376559759537                      5      7.277877268254422                    100
                  18000   0.008536431646131444                      5      7.167660847007044                    100
                  19000   0.008417373624406603                      5      7.060745069473905                    100
                  20000   0.008504258754997166                      5       6.95698350103346                    100
                  21000   0.008430730758263469                      5      6.856238260989087                    100
                  22000   0.008372388705459198                      5      6.758379401609266                    100
                  23000   0.008546407806213074                      5      6.663284345416996                    100
                  24000   0.008524290814615499                      5       6.57083737408322                    100
                  25000   0.008547047502155564                      5      6.480929148721422                    100
                  26000   0.008475195439065199                      5      6.393456278311738                    100
                  27000   0.008375815255643321                      5      6.308320921119557                    100
                  28000   0.008524538845178287                      5      6.225430412145203                    100
                  29000   0.008441960212599287                      5      6.144696933342522                    100
                  30000   0.008457438829917317                      5      6.066037191598463                    100
