# 2theta_deg intensity_norm
1.000000000000000000e+01 0.000000000000000000e+00
1.009999999999999964e+01 2.676031797192878425e+00
1.019999999999999929e+01 5.340175405144723442e+00
1.030000000000000071e+01 7.972601774743144354e+00
1.040000000000000036e+01 1.055498161968423609e+01
1.050000000000000000e+01 1.307049849912716688e+01
1.059999999999999964e+01 1.550385496660995699e+01
1.069999999999999929e+01 1.784127195596450122e+01
1.080000000000000071e+01 2.007048160102422685e+01
1.090000000000000036e+01 2.218071371048496587e+01
1.100000000000000000e+01 2.416267614228181060e+01
1.109999999999999964e+01 2.600852934319234322e+01
1.119999999999999929e+01 2.771185533900782261e+01
1.130000000000000071e+01 2.926762147847004769e+01
1.140000000000000036e+01 3.067213925019596132e+01
1.150000000000000000e+01 3.192301850597598545e+01
1.159999999999999964e+01 3.301911743609425542e+01
1.169999999999999929e+01 3.396048865267423622e+01
1.180000000000000071e+01 3.474832174547529462e+01
1.190000000000000036e+01 3.538488268107135326e+01
1.200000000000000000e+01 3.587345042092911029e+01
1.209999999999999964e+01 3.621825113659703277e+01
1.219999999999999929e+01 3.642439040104187598e+01
1.230000000000000071e+01 3.649778373416651789e+01
1.240000000000000036e+01 3.644508587775460740e+01
1.250000000000000000e+01 3.627361917056896345e+01
1.259999999999999964e+01 3.599130138814328461e+01
1.269999999999999929e+01 3.560657340401693460e+01
1.280000000000000071e+01 3.512832701984832795e+01
1.290000000000000036e+01 3.456583330108225738e+01
1.300000000000000000e+01 3.392867174272926434e+01
1.309999999999999964e+01 3.322666057643146331e+01
1.319999999999999929e+01 3.246978851543629929e+01
1.330000000000000071e+01 3.166814821847785311e+01
1.340000000000000036e+01 3.083187173697810124e+01
1.350000000000000000e+01 2.997106819253417243e+01
1.359999999999999964e+01 2.909576391345984447e+01
1.369999999999999929e+01 2.821584524031449703e+01
1.380000000000000071e+01 2.734100419098315271e+01
1.390000000000000036e+01 2.648068715608787826e+01
1.400000000000000000e+01 2.564404677541570265e+01
1.410000000000000142e+01 2.483989712575964859e+01
1.419999999999999929e+01 2.407667233018787556e+01
1.430000000000000071e+01 2.336238867839205469e+01
1.440000000000000036e+01 2.270461032752803021e+01
1.450000000000000000e+01 2.211041863293698384e+01
1.460000000000000142e+01 2.158638513844038798e+01
1.469999999999999929e+01 2.113854823661230142e+01
1.480000000000000071e+01 2.077239349064676333e+01
1.490000000000000036e+01 2.049283759124395488e+01
1.500000000000000000e+01 2.030421590440105462e+01
1.510000000000000142e+01 2.021027354920617469e+01
1.519999999999999929e+01 2.021415992874485212e+01
1.530000000000000071e+01 2.031842662211646910e+01
1.540000000000000036e+01 2.052502853136916983e+01
1.550000000000000000e+01 2.083532816394777498e+01
1.560000000000000142e+01 2.125010291905879356e+01
1.569999999999999929e+01 2.176955523521675673e+01
1.580000000000000071e+01 2.239332544618734744e+01
1.590000000000000036e+01 2.312050718360066170e+01
1.600000000000000000e+01 2.394966515669375440e+01
1.610000000000000142e+01 2.487885513296515327e+01
1.619999999999999929e+01 2.590564593798779924e+01
1.630000000000000071e+01 2.702714328822935386e+01
1.639999999999999858e+01 2.824001526746334179e+01
1.650000000000000000e+01 2.954051925520235145e+01
1.660000000000000142e+01 3.092453011452986900e+01
1.669999999999999929e+01 3.238756944672289251e+01
1.680000000000000071e+01 3.392483572110844392e+01
1.689999999999999858e+01 3.553123509065456176e+01
1.700000000000000000e+01 3.720141270681761370e+01
1.710000000000000142e+01 3.892978435109666435e+01
1.719999999999999929e+01 4.071056820555855893e+01
1.730000000000000071e+01 4.253781659021107231e+01
1.739999999999999858e+01 4.440544750148691833e+01
1.750000000000000000e+01 4.630727579318283915e+01
1.760000000000000142e+01 4.823704384892450747e+01
1.769999999999999929e+01 5.018845160352864809e+01
1.780000000000000071e+01 5.215518577945645973e+01
1.789999999999999858e+01 5.413094821381262278e+01
1.800000000000000000e+01 5.610948316099931787e+01
1.810000000000000142e+01 5.808460346609469838e+01
1.820000000000000284e+01 6.005021551424043480e+01
1.830000000000000071e+01 6.200034287171965985e+01
1.839999999999999858e+01 6.392914854491748855e+01
1.850000000000000000e+01 6.583095579392389141e+01
1.860000000000000142e+01 6.770026744809231900e+01
1.870000000000000284e+01 6.953178368135321818e+01
1.880000000000000071e+01 7.132041821543168680e+01
1.889999999999999858e+01 7.306131292928792220e+01
1.900000000000000000e+01 7.474985086302028492e+01
1.910000000000000142e+01 7.638166761410656136e+01
1.920000000000000284e+01 7.795266113315138057e+01
1.930000000000000071e+01 7.945899993521354077e+01
1.939999999999999858e+01 8.089712975127343952e+01
1.950000000000000000e+01 8.226377865241954623e+01
1.960000000000000142e+01 8.355596068685650835e+01
1.970000000000000284e+01 8.477097807683877306e+01
1.980000000000000071e+01 8.590642202908092884e+01
1.989999999999999858e+01 8.696017221806977204e+01
2.000000000000000000e+01 8.793039500699339328e+01
2.010000000000000142e+01 8.881554047568236854e+01
2.020000000000000284e+01 8.961433832903237828e+01
2.030000000000000071e+01 9.032579276283013314e+01
2.039999999999999858e+01 9.094917636674311723e+01
2.050000000000000000e+01 9.148402314645089461e+01
2.060000000000000142e+01 9.193012074851178284e+01
2.070000000000000284e+01 9.228750197256701426e+01
2.080000000000000071e+01 9.255643565591456934e+01
2.089999999999999858e+01 9.273741701534130755e+01
2.100000000000000000e+01 9.283115753041217033e+01
2.110000000000000142e+01 9.283857445119758722e+01
2.120000000000000284e+01 9.276078001170439791e+01
2.130000000000000071e+01 9.259907042808346489e+01
2.139999999999999858e+01 9.235491475805631012e+01
2.150000000000000000e+01 9.202994369495928595e+01
2.160000000000000142e+01 9.162593836638473022e+01
2.170000000000000284e+01 9.114481920363832046e+01
2.180000000000000071e+01 9.058863494416642936e+01
2.189999999999999858e+01 8.995955182477585765e+01
2.200000000000000000e+01 8.925984301890738948e+01
2.210000000000000142e+01 8.849187836647375605e+01
2.220000000000000284e+01 8.765811443987102791e+01
2.230000000000000071e+01 8.676108498475730357e+01
2.239999999999999858e+01 8.580339176910446497e+01
2.250000000000000000e+01 8.478769586890436472e+01
2.260000000000000142e+01 8.371670941378522457e+01
2.270000000000000284e+01 8.259318781071101512e+01
2.280000000000000071e+01 8.141992245891530899e+01
2.289999999999999858e+01 8.019973396431984725e+01
2.300000000000000000e+01 7.893546585690755535e+01
2.310000000000000142e+01 7.762997880991939326e+01
2.320000000000000284e+01 7.628614535533388619e+01
2.330000000000000071e+01 7.490684508589868074e+01
2.339999999999999858e+01 7.349496033004059825e+01
2.350000000000000000e+01 7.205337228230716562e+01
2.360000000000000142e+01 7.058495756860104109e+01
2.370000000000000284e+01 6.909258522238150135e+01
2.380000000000000071e+01 6.757911404524188015e+01
2.389999999999999858e+01 6.604739032282739686e+01
2.400000000000000000e+01 6.450024586495993617e+01
2.410000000000000142e+01 6.294049633707810898e+01
2.420000000000000284e+01 6.137093984869081709e+01
2.430000000000000071e+01 5.979435576349108317e+01
2.439999999999999858e+01 5.821350369506145483e+01
2.450000000000000000e+01 5.663112265174628135e+01
2.460000000000000142e+01 5.504993029424171169e+01
2.470000000000000284e+01 5.347262226976378940e+01
2.480000000000000071e+01 5.190187158728997474e+01
2.489999999999999858e+01 5.034032799930857749e+01
2.500000000000000000e+01 4.879061735675134059e+01
2.510000000000000142e+01 4.725534090529702524e+01
2.520000000000000284e+01 4.573707449301772954e+01
2.530000000000000071e+01 4.423836766135761422e+01
2.539999999999999858e+01 4.276174259367697772e+01
2.550000000000000000e+01 4.130969289804227884e+01
2.560000000000000142e+01 3.988468220356121918e+01
2.570000000000000284e+01 3.848914255233764692e+01
2.580000000000000071e+01 3.712547257203007689e+01
2.589999999999999858e+01 3.579603541700419811e+01
2.600000000000000000e+01 3.450315646916430978e+01
2.610000000000000142e+01 3.324912079269239484e+01
2.619999999999999929e+01 3.203617034009861442e+01
2.630000000000000071e+01 3.086650091016893072e+01
2.640000000000000213e+01 2.974225886155392828e+01
2.650000000000000000e+01 2.866553758885829239e+01
2.660000000000000142e+01 2.763837377114059990e+01
2.669999999999999929e+01 2.666274340568846668e+01
2.680000000000000071e+01 2.574055764278119796e+01
2.690000000000000213e+01 2.487365843986464142e+01
2.700000000000000000e+01 2.406381405612403768e+01
2.710000000000000142e+01 2.331271441083082152e+01
2.719999999999999929e+01 2.262196633104427335e+01
2.730000000000000071e+01 2.199308871624840478e+01
2.740000000000000213e+01 2.142750764929344953e+01
2.750000000000000000e+01 2.092655148456618974e+01
2.760000000000000142e+01 2.049144594563662380e+01
2.769999999999999929e+01 2.012330926570003697e+01
2.780000000000000071e+01 1.982314740495652572e+01
2.790000000000000213e+01 1.959184937963078355e+01
2.800000000000000000e+01 1.943018273763827963e+01
2.810000000000000142e+01 1.933878921594233091e+01
2.819999999999999929e+01 1.931818061442462664e+01
2.830000000000000071e+01 1.936873492060949786e+01
2.840000000000000213e+01 1.949069271884452448e+01
2.850000000000000000e+01 1.968415391655366875e+01
2.860000000000000142e+01 1.994907481894787793e+01
2.869999999999999929e+01 2.028526558211611430e+01
2.880000000000000071e+01 2.069238807273211123e+01
2.890000000000000213e+01 2.116995416071596381e+01
2.900000000000000000e+01 2.171732446909087599e+01
2.910000000000000142e+01 2.233370760299857594e+01
2.920000000000000284e+01 2.301815987738489255e+01
2.930000000000000071e+01 2.376958556026898250e+01
2.940000000000000213e+01 2.458673764577208942e+01
2.950000000000000000e+01 2.546821916822972653e+01
2.960000000000000142e+01 2.641248506576117805e+01
2.970000000000000284e+01 2.741784459863904999e+01
2.980000000000000071e+01 2.848246432471345813e+01
2.990000000000000213e+01 2.960437163101742897e+01
3.000000000000000000e+01 3.078145881752857704e+01
3.010000000000000142e+01 3.201148772591835012e+01
3.020000000000000284e+01 3.329209490298774199e+01
3.030000000000000071e+01 3.462079728540394541e+01
3.040000000000000213e+01 3.599499838931949114e+01
3.050000000000000000e+01 3.741199498550473379e+01
3.060000000000000142e+01 3.886898423777151379e+01
3.070000000000000284e+01 4.036307127971482345e+01
3.080000000000000071e+01 4.189127720219681095e+01
3.090000000000000213e+01 4.345054742152066751e+01
3.100000000000000000e+01 4.503776039593733316e+01
3.110000000000000142e+01 4.664973665600012254e+01
3.120000000000000284e+01 4.828324811232435820e+01
3.130000000000000071e+01 4.993502760257100448e+01
3.140000000000000213e+01 5.160177863792679887e+01
3.150000000000000000e+01 5.328018530802688701e+01
3.160000000000000142e+01 5.496692230217387021e+01
3.170000000000000284e+01 5.665866500382835369e+01
3.180000000000000071e+01 5.835209961471647944e+01
3.190000000000000213e+01 6.004393326450308876e+01
3.200000000000000000e+01 6.173090406181571410e+01
3.210000000000000142e+01 6.340979104250001086e+01
3.220000000000000284e+01 6.507742397129548806e+01
3.229999999999999716e+01 6.673069295369019471e+01
3.240000000000000568e+01 6.836655781550223310e+01
3.250000000000000000e+01 6.998205720875041891e+01
3.260000000000000142e+01 7.157431740363176687e+01
3.270000000000000284e+01 7.314056072786107165e+01
3.279999999999999716e+01 7.467811361630361944e+01
3.290000000000000568e+01 7.618441423568023652e+01
3.300000000000000000e+01 7.765701965116203098e+01
3.310000000000000142e+01 7.909361250389240183e+01
3.320000000000000284e+01 8.049200717083363088e+01
3.329999999999999716e+01 8.185015538086102538e+01
3.340000000000000568e+01 8.316615126367229038e+01
3.350000000000000000e+01 8.443823581084090790e+01
3.360000000000000142e+01 8.566480073121510941e+01
3.370000000000000284e+01 8.684439168580210833e+01
3.379999999999999716e+01 8.797571089030526537e+01
3.390000000000000568e+01 8.905761907654456877e+01
3.400000000000000000e+01 9.008913680709596861e+01
3.410000000000000142e+01 9.106944514060961637e+01
3.420000000000000284e+01 9.199788564838613070e+01
3.429999999999999716e+01 9.287395978589906065e+01
3.440000000000000568e+01 9.369732762603044307e+01
3.450000000000000000e+01 9.446780596380516215e+01
3.460000000000000142e+01 9.518536580538464875e+01
3.470000000000000284e+01 9.585012925695330921e+01
3.479999999999999716e+01 9.646236583192963110e+01
3.490000000000000568e+01 9.702248819761139487e+01
3.500000000000000000e+01 9.753104738492798731e+01
3.510000000000000142e+01 9.798872748739754002e+01
3.520000000000000284e+01 9.839633987766981704e+01
3.529999999999999716e+01 9.875481697216024202e+01
3.540000000000000568e+01 9.906520557623680645e+01
3.550000000000000000e+01 9.932865984420739380e+01
3.560000000000000142e+01 9.954643388995295084e+01
3.570000000000000284e+01 9.971987408546124243e+01
3.579999999999999716e+01 9.985041108573062729e+01
3.590000000000000568e+01 9.993955161952553112e+01
3.600000000000000000e+01 9.998887008627380624e+01
3.610000000000000142e+01 1.000000000000000000e+02
3.620000000000000284e+01 9.997462532158030513e+01
3.629999999999999716e+01 9.991447172079429606e+01
3.640000000000000568e+01 9.982129780962495147e+01
3.650000000000000000e+01 9.969688638803347658e+01
3.660000000000000142e+01 9.954303574300728030e+01
3.670000000000000284e+01 9.936155104105141334e+01
3.679999999999999716e+01 9.915423585347572555e+01
3.690000000000000568e+01 9.892288385282151353e+01
3.700000000000000000e+01 9.866927071758530587e+01
3.710000000000000142e+01 9.839514628103759719e+01
3.720000000000000284e+01 9.810222695841027019e+01
3.729999999999999716e+01 9.779218848504952177e+01
3.740000000000000568e+01 9.746665899630751539e+01
3.750000000000000000e+01 9.712721247799079549e+01
3.760000000000000142e+01 9.677536261410216412e+01
3.770000000000000284e+01 9.641255705642664964e+01
3.779999999999999716e+01 9.604017213821921928e+01
3.790000000000000568e+01 9.565950805187956973e+01
3.800000000000000000e+01 9.527178450805124044e+01
3.810000000000000142e+01 9.487813689107041171e+01
3.820000000000000284e+01 9.447961292313777903e+01
3.829999999999999716e+01 9.407716984699358420e+01
3.840000000000000568e+01 9.367167213426638739e+01
3.850000000000000000e+01 9.326388972404787125e+01
3.860000000000000142e+01 9.285449679363271969e+01
3.870000000000000284e+01 9.244407106076749869e+01
3.879999999999999716e+01 9.203309361419078982e+01
3.890000000000000568e+01 9.162194926672397344e+01
3.900000000000000000e+01 9.121092742271011389e+01
3.910000000000000142e+01 9.080022344919598254e+01
3.920000000000000284e+01 9.038994053793592798e+01
3.929999999999999716e+01 8.998009204306030995e+01
3.940000000000000568e+01 8.957060427711753903e+01
3.950000000000000000e+01 8.916131974617225353e+01
3.960000000000000142e+01 8.875200080272868775e+01
3.970000000000000284e+01 8.834233369346208065e+01
3.979999999999999716e+01 8.793193297708205591e+01
3.990000000000000568e+01 8.752034628613385792e+01
4.000000000000000000e+01 8.710705940516471912e+01
4.010000000000000142e+01 8.669150163645451812e+01
4.020000000000000284e+01 8.627305142343212196e+01
4.029999999999999716e+01 8.585104220097680638e+01
4.040000000000000568e+01 8.542476844103845224e+01
4.050000000000000000e+01 8.499349186140710799e+01
4.060000000000000142e+01 8.455644776501313231e+01
4.070000000000000284e+01 8.411285147685806862e+01
4.079999999999999716e+01 8.366190484554712725e+01
4.090000000000000568e+01 8.320280277642585531e+01
4.100000000000000000e+01 8.273473976351442616e+01
4.110000000000000142e+01 8.225691638776673642e+01
4.120000000000000284e+01 8.176854574967735800e+01
4.129999999999999716e+01 8.126885980488553685e+01
4.140000000000000568e+01 8.075711557220522252e+01
4.150000000000000000e+01 8.023260118441211830e+01
4.160000000000000142e+01 7.969464175315634691e+01
4.170000000000000284e+01 7.914260502052614754e+01
4.179999999999999716e+01 7.857590677105747545e+01
4.190000000000000568e+01 7.799401597936153507e+01
4.200000000000000000e+01 7.739645967002265081e+01
4.210000000000000142e+01 7.678282746797842151e+01
4.220000000000000284e+01 7.615277581925171546e+01
4.230000000000000426e+01 7.550603186361836094e+01
4.239999999999999858e+01 7.484239694258651809e+01
4.250000000000000000e+01 7.416174972790120989e+01
4.260000000000000142e+01 7.346404895767626897e+01
4.270000000000000284e+01 7.274933576917955236e+01
4.280000000000000426e+01 7.201773561924690625e+01
4.289999999999999858e+01 7.126945978526913450e+01
4.300000000000000000e+01 7.050480644167268451e+01
4.310000000000000142e+01 6.972416130879238949e+01
4.320000000000000284e+01 6.892799787299827585e+01
4.330000000000000426e+01 6.811687717888979421e+01
4.339999999999999858e+01 6.729144719629071858e+01
4.350000000000000000e+01 6.645244176666300007e+01
4.360000000000000142e+01 6.560067913540542861e+01
4.370000000000000284e+01 6.473706007828776876e+01
4.380000000000000426e+01 6.386256563201516911e+01
4.389999999999999858e+01 6.297825444057713895e+01
4.400000000000000000e+01 6.208525973064319459e+01
4.410000000000000142e+01 6.118478593078037164e+01
4.420000000000000284e+01 6.027810495071187802e+01
4.430000000000000426e+01 5.936655213818252719e+01
4.439999999999999858e+01 5.845152193225698056e+01
4.450000000000000000e+01 5.753446323303626997e+01
4.460000000000000142e+01 5.661687450883948713e+01
4.470000000000000284e+01 5.570029866285731401e+01
4.480000000000000426e+01 5.478631768213082864e+01
4.489999999999999858e+01 5.387654709245829565e+01
4.500000000000000000e+01 5.297263024346452198e+01
4.510000000000000142e+01 5.207623244859171052e+01
4.520000000000000284e+01 5.118903500518313621e+01
4.530000000000000426e+01 5.031272912013417908e+01
4.539999999999999858e+01 4.944900976677724458e+01
4.550000000000000000e+01 4.859956949874447218e+01
4.560000000000000142e+01 4.776609224653319075e+01
4.570000000000000284e+01 4.695024712235850473e+01
4.580000000000000426e+01 4.615368225864531837e+01
4.589999999999999858e+01 4.537801870517040470e+01
4.600000000000000000e+01 4.462484440943044461e+01
4.610000000000000142e+01 4.389570830427656745e+01
4.620000000000000284e+01 4.319211452623430603e+01
4.630000000000000426e+01 4.251551678721541805e+01
4.639999999999999858e+01 4.186731292153352513e+01
4.650000000000000000e+01 4.124883962926217862e+01
4.660000000000000142e+01 4.066136743602836390e+01
4.670000000000000284e+01 4.010609588831774630e+01
4.680000000000000426e+01 3.958414900228829936e+01
4.689999999999999858e+01 3.909657098295365074e+01
4.700000000000000000e+01 3.864432222940592254e+01
4.710000000000000142e+01 3.822827564051107174e+01
4.720000000000000284e+01 3.784921323423171202e+01
4.730000000000000426e+01 3.750782309241753865e+01
4.739999999999999858e+01 3.720469664156019007e+01
4.750000000000000000e+01 3.694032627863912666e+01
4.760000000000000142e+01 3.671510334980105483e+01
4.770000000000000284e+01 3.652931648821198962e+01
4.780000000000000426e+01 3.638315031601732841e+01
4.789999999999999858e+01 3.627668451393441984e+01
4.800000000000000000e+01 3.620989326059773816e+01
4.810000000000000142e+01 3.618264504238072021e+01
4.820000000000000284e+01 3.619470283303591174e+01
4.830000000000000426e+01 3.624572464113298764e+01
4.840000000000000568e+01 3.633526442193386430e+01
4.850000000000000000e+01 3.646277334903484046e+01
4.860000000000000142e+01 3.662760143982710304e+01
4.870000000000000284e+01 3.682899952758658912e+01
4.880000000000000426e+01 3.706612157180513378e+01
4.890000000000000568e+01 3.733802729721826097e+01
4.900000000000000000e+01 3.764368515088068534e+01
4.910000000000000142e+01 3.798197556558315569e+01
4.920000000000000284e+01 3.835169451690408238e+01
4.930000000000000426e+01 3.875155736024635900e+01
4.940000000000000568e+01 3.918020293332419612e+01
4.950000000000000000e+01 3.963619790874317772e+01
4.960000000000000142e+01 4.011804138055676816e+01
4.970000000000000284e+01 4.062416966798977569e+01
4.980000000000000426e+01 4.115296131889174092e+01
4.990000000000000568e+01 4.170274229492298446e+01
5.000000000000000000e+01 4.227179131998685335e+01
5.010000000000000142e+01 4.285834537299842140e+01
5.020000000000000284e+01 4.346060530572898983e+01
5.030000000000000426e+01 4.407674156618235628e+01
5.040000000000000568e+01 4.470490000774691453e+01
5.050000000000000000e+01 4.534320776422266164e+01
5.060000000000000142e+01 4.598977917074806498e+01
5.070000000000000284e+01 4.664272171064312289e+01
5.080000000000000426e+01 4.730014196824519956e+01
5.090000000000000568e+01 4.796015156793892231e+01
5.100000000000000000e+01 4.862087307976918993e+01
5.110000000000000142e+01 4.928044587228044549e+01
5.120000000000000284e+01 4.993703189353418992e+01
5.130000000000000426e+01 5.058882136163190069e+01
5.140000000000000568e+01 5.123403834649583644e+01
5.150000000000000000e+01 5.187094622514499065e+01
5.160000000000000142e+01 5.249785299323818322e+01
5.170000000000000284e+01 5.311311641624089930e+01
5.180000000000000426e+01 5.371514900420820737e+01
5.190000000000000568e+01 5.430242279484993873e+01
5.200000000000000000e+01 5.487347393026671227e+01
5.210000000000000142e+01 5.542690701350553439e+01
5.220000000000000284e+01 5.596139923187488563e+01
5.230000000000000426e+01 5.647570423479497492e+01
5.240000000000000568e+01 5.696865575481233890e+01
5.250000000000000000e+01 5.743917096130052613e+01
5.260000000000000142e+01 5.788625353727800871e+01
5.270000000000000284e+01 5.830899647070881997e+01
5.280000000000000426e+01 5.870658455260430486e+01
5.290000000000000568e+01 5.907829657521157429e+01
5.300000000000000000e+01 5.942350722455505974e+01
5.310000000000000142e+01 5.974168866258649757e+01
5.320000000000000284e+01 6.003241179519496029e+01
5.330000000000000426e+01 6.029534722332912366e+01
5.340000000000000568e+01 6.053026587548161785e+01
5.350000000000000000e+01 6.073703932078565515e+01
5.360000000000000142e+01 6.091563976296403382e+01
5.370000000000000284e+01 6.106613971635549376e+01
5.380000000000000426e+01 6.118871136621753948e+01
5.390000000000000568e+01 6.128362561646372342e+01
5.400000000000000000e+01 6.135125082893713255e+01
5.410000000000000142e+01 6.139205125924630835e+01
5.420000000000000284e+01 6.140658519509550928e+01
5.430000000000000426e+01 6.139550280391861037e+01
5.440000000000000568e+01 6.135954369748338877e+01
5.450000000000000000e+01 6.129953422195730894e+01
5.460000000000000142e+01 6.121638448272228317e+01
5.470000000000000284e+01 6.111108511399259413e+01
5.480000000000000426e+01 6.098470380401608537e+01
5.490000000000000568e+01 6.083838158733796320e+01
5.500000000000000000e+01 6.067332891625844837e+01
5.510000000000000142e+01 6.049082152423710568e+01
5.520000000000000284e+01 6.029219609457187090e+01
5.530000000000000426e+01 6.007884574821547830e+01
5.540000000000000568e+01 5.985221536508548468e+01
5.550000000000000000e+01 5.961379675366954700e+01
5.560000000000000142e+01 5.936512368413256979e+01
5.570000000000000284e+01 5.910776680048498122e+01
5.580000000000000426e+01 5.884332842768264982e+01
5.590000000000000568e+01 5.857343728979024178e+01
5.600000000000000000e+01 5.829974315555135433e+01
5.610000000000000142e+01 5.802391142787506340e+01
5.620000000000000284e+01 5.774761769386336141e+01
5.630000000000000426e+01 5.747254225207142042e+01
5.640000000000000568e+01 5.720036463370992408e+01
5.650000000000000000e+01 5.693275813446856404e+01
5.660000000000000142e+01 5.667138437355967540e+01
5.670000000000000284e+01 5.641788789645298152e+01
5.680000000000000426e+01 5.617389083759904622e+01
5.690000000000000568e+01 5.594098765921303595e+01
5.700000000000000000e+01 5.572073998192461630e+01
5.710000000000000142e+01 5.551467152278431882e+01
5.720000000000000284e+01 5.532426315575709452e+01
5.730000000000000426e+01 5.515094810943248405e+01
5.740000000000000568e+01 5.499610731623681659e+01
5.750000000000000000e+01 5.486106492694536740e+01
5.760000000000000142e+01 5.474708400377058837e+01
5.770000000000000284e+01 5.465536240473807084e+01
5.780000000000000426e+01 5.458702887146353788e+01
5.790000000000000568e+01 5.454313933181189356e+01
5.800000000000000000e+01 5.452467342825178065e+01
5.810000000000000142e+01 5.453253128202606348e+01
5.820000000000000284e+01 5.456753050252902426e+01
5.830000000000000426e+01 5.463040345053473601e+01
5.840000000000000568e+01 5.472179476314131819e+01
5.850000000000000000e+01 5.484225914750035002e+01
5.860000000000000142e+01 5.499225944958278944e+01
5.870000000000000284e+01 5.517216500339725371e+01
5.880000000000000426e+01 5.538225026522894723e+01
5.890000000000000568e+01 5.562269373660310379e+01
5.900000000000000000e+01 5.589357717880743337e+01
5.910000000000000142e+01 5.619488512092700461e+01
5.920000000000000284e+01 5.652650466246407035e+01
5.930000000000000426e+01 5.688822557072658981e+01
5.940000000000000568e+01 5.727974067228679189e+01
5.950000000000000000e+01 5.770064653692706713e+01
5.960000000000000142e+01 5.815044445161816355e+01
5.970000000000000284e+01 5.862854168120064458e+01
5.980000000000000426e+01 5.913425301159246317e+01
5.990000000000000568e+01 5.966680257049517166e+01
6.000000000000000000e+01 6.022532591974923122e+01
6.010000000000000142e+01 6.080887241267998178e+01
6.020000000000000284e+01 6.141640780898650576e+01
6.030000000000000426e+01 6.204681713896703599e+01
6.040000000000000568e+01 6.269890780813140907e+01
6.050000000000000000e+01 6.337141293254585861e+01
6.060000000000000142e+01 6.406299489457438767e+01
6.070000000000000284e+01 6.477224910803373348e+01
6.080000000000000426e+01 6.549770798116546189e+01
6.090000000000000568e+01 6.623784506525574045e+01
6.100000000000000000e+01 6.699107937618856567e+01
6.110000000000000142e+01 6.775577987572549432e+01
6.120000000000000284e+01 6.853027009884083043e+01
6.130000000000000426e+01 6.931283291303141425e+01
6.140000000000000568e+01 7.010171539514236372e+01
6.150000000000000000e+01 7.089513381092953637e+01
6.160000000000000142e+01 7.169127868229143985e+01
6.170000000000000284e+01 7.248831992687682657e+01
6.180000000000000426e+01 7.328441205457859553e+01
6.190000000000000568e+01 7.407769940529563257e+01
6.200000000000000000e+01 7.486632141224460213e+01
6.210000000000000142e+01 7.564841787506829007e+01
6.220000000000000284e+01 7.642213422699090586e+01
6.230000000000000426e+01 7.718562678032907343e+01
6.240000000000000568e+01 7.793706793476752637e+01
6.250000000000000000e+01 7.867465133296470015e+01
6.260000000000000142e+01 7.939659694825313352e+01
6.270000000000000284e+01 8.010115608944029475e+01
6.280000000000000426e+01 8.078661630801758520e+01
6.290000000000000568e+01 8.145130619341567524e+01
6.300000000000000000e+01 8.209360004232740948e+01
6.310000000000000142e+01 8.271192238854780499e+01
6.320000000000000284e+01 8.330475238023869622e+01
6.330000000000000426e+01 8.387062799203889085e+01
6.340000000000000568e+01 8.440815005997501430e+01
6.350000000000000000e+01 8.491598612771566934e+01
6.360000000000000142e+01 8.539287409331825529e+01
6.370000000000000284e+01 8.583762564626485414e+01
6.380000000000000426e+01 8.624912948526181822e+01
6.390000000000000568e+01 8.662635430797656966e+01
6.400000000000000000e+01 8.696835156461540350e+01
6.409999999999999432e+01 8.727425796799911950e+01
6.420000000000000284e+01 8.754329775356166010e+01
6.430000000000001137e+01 8.777478468348968477e+01
6.440000000000000568e+01 8.796812379002673765e+01
6.450000000000000000e+01 8.812281285377993356e+01
6.459999999999999432e+01 8.823844361369935996e+01
6.470000000000000284e+01 8.831470270623292151e+01
6.480000000000001137e+01 8.835137233200055107e+01
6.490000000000000568e+01 8.834833064917229706e+01
6.500000000000000000e+01 8.830555189357589541e+01
6.509999999999999432e+01 8.822310622639713529e+01
6.520000000000000284e+01 8.810115931116524735e+01
6.530000000000001137e+01 8.793997162253894828e+01
6.540000000000000568e+01 8.773989749021711759e+01
6.550000000000000000e+01 8.750138388209408902e+01
6.559999999999999432e+01 8.722496893155829412e+01
6.570000000000000284e+01 8.691128021459168451e+01
6.580000000000001137e+01 8.656103278306605375e+01
6.590000000000000568e+01 8.617502696134388884e+01
6.600000000000000000e+01 8.575414591397974107e+01
6.609999999999999432e+01 8.529935299297798679e+01
6.620000000000000284e+01 8.481168887368841069e+01
6.630000000000001137e+01 8.429226848901876679e+01
6.640000000000000568e+01 8.374227777220504265e+01
6.650000000000000000e+01 8.316297021890636643e+01
6.659999999999999432e+01 8.255566327987835962e+01
6.670000000000000284e+01 8.192173459593090001e+01
6.680000000000001137e+01 8.126261808728482094e+01
6.690000000000000568e+01 8.057979990981093010e+01
6.700000000000000000e+01 7.987481429095959129e+01
6.709999999999999432e+01 7.914923925847672592e+01
6.720000000000000284e+01 7.840469227523814766e+01
6.730000000000001137e+01 7.764282579373022486e+01
6.740000000000000568e+01 7.686532274385864127e+01
6.750000000000000000e+01 7.607389196787185881e+01
6.759999999999999432e+01 7.527026361624508866e+01
6.770000000000000284e+01 7.445618451839325758e+01
6.780000000000001137e+01 7.363341354204997913e+01
6.790000000000000568e+01 7.280371695507494678e+01
6.800000000000000000e+01 7.196886380334720457e+01
6.809999999999999432e+01 7.113062131823126322e+01
6.820000000000000284e+01 7.029075036691307332e+01
6.830000000000001137e+01 6.945100095865748813e+01
6.840000000000000568e+01 6.861310781975709006e+01
6.850000000000000000e+01 6.777878604962508291e+01
6.859999999999999432e+01 6.694972687012804613e+01
6.870000000000000284e+01 6.612759347986040837e+01
6.880000000000001137e+01 6.531401702463502090e+01
6.890000000000000568e+01 6.451059269500696303e+01
6.900000000000000000e+01 6.371887596115573871e+01
6.909999999999999432e+01 6.294037895493281809e+01
6.920000000000000284e+01 6.217656700833313010e+01
6.930000000000001137e+01 6.142885535708509082e+01
6.940000000000000568e+01 6.069860601744711914e+01
6.950000000000000000e+01 5.998712484370081199e+01
6.959999999999999432e+01 5.929565877318492539e+01
6.970000000000000284e+01 5.862539326507222626e+01
6.980000000000001137e+01 5.797744993842917438e+01
6.990000000000000568e+01 5.735288441442094864e+01
7.000000000000000000e+01 5.675268436684529405e+01
7.009999999999999432e+01 5.617776778448679664e+01
7.020000000000000284e+01 5.562898144809209811e+01
7.030000000000001137e+01 5.510709962406672702e+01
7.040000000000000568e+01 5.461282297630288696e+01
7.050000000000000000e+01 5.414677769685124531e+01
7.059999999999999432e+01 5.370951485546703452e+01
7.070000000000000284e+01 5.330150996737346247e+01
7.080000000000001137e+01 5.292316277792046009e+01
7.090000000000000568e+01 5.257479726215414928e+01
7.100000000000000000e+01 5.225666183666668729e+01
7.109999999999999432e+01 5.196892978046805212e+01
7.120000000000000284e+01 5.171169986100486682e+01
7.130000000000001137e+01 5.148499716086336520e+01
7.140000000000000568e+01 5.128877410011688198e+01
7.150000000000000000e+01 5.112291164873199278e+01
7.159999999999999432e+01 5.098722072292326857e+01
7.170000000000000284e+01 5.088144375884586879e+01
7.180000000000001137e+01 5.080525645654666533e+01
7.190000000000000568e+01 5.075826968664980399e+01
7.200000000000000000e+01 5.074003155184215785e+01
7.209999999999999432e+01 5.075002959483983034e+01
7.220000000000000284e+01 5.078769314416863523e+01
7.230000000000001137e+01 5.085239578877254019e+01
7.240000000000000568e+01 5.094345797218009864e+01
7.250000000000000000e+01 5.106014969670761161e+01
7.259999999999999432e+01 5.120169332796235295e+01
7.270000000000000284e+01 5.136726648972460652e+01
7.280000000000001137e+01 5.155600503914327959e+01
7.290000000000000568e+01 5.176700611206315017e+01
7.300000000000000000e+01 5.199933122822680787e+01
7.309999999999999432e+01 5.225200944604915065e+01
7.320000000000000284e+01 5.252404055665287075e+01
7.330000000000001137e+01 5.281439830687722292e+01
7.340000000000000568e+01 5.312203364103233127e+01
7.350000000000000000e+01 5.344587795125625718e+01
7.359999999999999432e+01 5.378484632646085828e+01
7.370000000000000284e+01 5.413784078999730554e+01
7.380000000000001137e+01 5.450375351636402854e+01
7.390000000000000568e+01 5.488147001748347975e+01
7.400000000000000000e+01 5.526987228932108565e+01
7.410000000000000853e+01 5.566784190988076375e+01
7.420000000000000284e+01 5.607426307990908043e+01
7.429999999999999716e+01 5.648802559795241507e+01
7.440000000000000568e+01 5.690802776175192434e+01
7.450000000000000000e+01 5.733317918832241133e+01
7.460000000000000853e+01 5.776240354544091815e+01
7.470000000000000284e+01 5.819464118766802585e+01
7.479999999999999716e+01 5.862885169044194100e+01
7.490000000000000568e+01 5.906401627621312400e+01
7.500000000000000000e+01 5.949914012703175814e+01
7.510000000000000853e+01 5.993325457845553217e+01
7.520000000000000284e+01 6.036541919010747392e+01
7.529999999999999716e+01 6.079472368868869125e+01
7.540000000000000568e+01 6.122028977972953356e+01
7.550000000000000000e+01 6.164127282484505344e+01
7.560000000000000853e+01 6.205686338174943728e+01
7.570000000000000284e+01 6.246628860477191125e+01
7.579999999999999716e+01 6.286881350410264702e+01
7.590000000000000568e+01 6.326374206248633669e+01
7.600000000000000000e+01 6.365041820855936550e+01
7.610000000000000853e+01 6.402822664650855700e+01
7.620000000000000284e+01 6.439659354219334375e+01
7.629999999999999716e+01 6.475498706634274981e+01
7.640000000000000568e+01 6.510291779588432348e+01
7.650000000000000000e+01 6.543993897490773293e+01
7.660000000000000853e+01 6.576564663719486248e+01
7.670000000000000284e+01 6.607967959266058244e+01
7.679999999999999716e+01 6.638171928045308334e+01
7.690000000000000568e+01 6.667148949184507956e+01
7.700000000000000000e+01 6.694875596641524851e+01
7.710000000000000853e+01 6.721332586537207021e+01
7.720000000000000284e+01 6.746504712619845634e+01
7.729999999999999716e+01 6.770380770311251695e+01
7.740000000000000568e+01 6.792953469812788114e+01
7.750000000000000000e+01 6.814219338776787538e+01
7.760000000000000853e+01 6.834178615073741980e+01
7.770000000000000284e+01 6.852835130208316627e+01
7.779999999999999716e+01 6.870196183957556002e+01
7.790000000000000568e+01 6.886272410822969903e+01
7.800000000000000000e+01 6.901077638903934997e+01
7.810000000000000853e+01 6.914628741813497470e+01
7.820000000000000284e+01 6.926945484268786402e+01
7.829999999999999716e+01 6.938050361997302673e+01
7.840000000000000568e+01 6.947968436606835496e+01
7.850000000000000000e+01 6.956727166071212309e+01
7.860000000000000853e+01 6.964356231486073057e+01
7.870000000000000284e+01 6.970887360748733386e+01
7.879999999999999716e+01 6.976354149813876404e+01
7.890000000000000568e+01 6.980791882172296425e+01
7.900000000000000000e+01 6.984237347193358403e+01
7.910000000000000853e+01 6.986728657963213607e+01
7.920000000000000284e+01 6.988305069240293221e+01
7.929999999999999716e+01 6.989006796137122990e+01
7.940000000000000568e+01 6.988874834123150492e+01
7.950000000000000000e+01 6.987950780927475591e+01
7.960000000000000853e+01 6.986276660902470326e+01
7.970000000000000284e+01 6.983894752390294514e+01
7.979999999999999716e+01 6.980847418613457478e+01
7.990000000000000568e+01 6.977176942588705799e+01
8.000000000000000000e+01 6.972925366540090408e+01
8.010000000000000853e+01 6.968134336262656348e+01
8.020000000000000284e+01 6.962844950862690041e+01
8.029999999999999716e+01 6.957097618273965622e+01
8.040000000000000568e+01 6.950931916922129972e+01
8.050000000000000000e+01 6.944386463881302518e+01
8.060000000000000853e+01 6.937498789838311097e+01
8.070000000000000284e+01 6.930305221150851480e+01
8.079999999999999716e+01 6.922840769256085025e+01
8.090000000000000568e+01 6.915139027656600490e+01
8.100000000000000000e+01 6.907232076680244859e+01
8.110000000000000853e+01 6.899150396180485245e+01
8.120000000000000284e+01 6.890922786313571180e+01
8.129999999999999716e+01 6.882576296498946533e+01
8.140000000000000568e+01 6.874136162639399572e+01
8.150000000000000000e+01 6.865625752648136881e+01
8.160000000000000853e+01 6.857066520300763557e+01
8.170000000000000284e+01 6.848477967401697697e+01
8.179999999999999716e+01 6.839877614226581670e+01
8.190000000000000568e+01 6.831280978174916640e+01
8.200000000000000000e+01 6.822701560540723165e+01
8.210000000000000853e+01 6.814150841283235138e+01
8.220000000000000284e+01 6.805638281655008370e+01
8.229999999999999716e+01 6.797171334520814412e+01
8.240000000000000568e+01 6.788755462178102107e+01
8.250000000000000000e+01 6.780394161468063885e+01
8.260000000000000853e+01 6.772088995945686918e+01
8.270000000000000284e+01 6.763839634858072714e+01
8.279999999999999716e+01 6.755643898661904245e+01
8.290000000000000568e+01 6.747497810794344275e+01
8.300000000000000000e+01 6.739395655395917117e+01
8.310000000000000853e+01 6.731330040669865866e+01
8.320000000000000284e+01 6.723291967549461390e+01
8.329999999999999716e+01 6.715270903333400554e+01
8.340000000000000568e+01 6.707254859939202163e+01
8.350000000000000000e+01 6.699230476415834801e+01
8.360000000000000853e+01 6.691183105349458060e+01
8.370000000000000284e+01 6.683096902790225613e+01
8.379999999999999716e+01 6.674954921323448787e+01
8.390000000000000568e+01 6.666739205905351184e+01
8.400000000000000000e+01 6.658430892081608476e+01
8.410000000000000853e+01 6.650010306206446842e+01
8.420000000000000284e+01 6.641457067280853721e+01
8.429999999999999716e+01 6.632750190030333215e+01
8.440000000000000568e+01 6.623868188846148541e+01
8.450000000000000000e+01 6.614789182218278540e+01
8.460000000000000853e+01 6.605490997294060662e+01
8.470000000000000284e+01 6.595951274203186188e+01
8.479999999999999716e+01 6.586147569797644508e+01
8.490000000000000568e+01 6.576057460463961490e+01
8.500000000000000000e+01 6.565658643675013195e+01
8.510000000000000853e+01 6.554929037959286120e+01
8.520000000000000284e+01 6.543846880977355340e+01
8.529999999999999716e+01 6.532390825407408386e+01
8.540000000000000568e+01 6.520540032355111748e+01
8.550000000000000000e+01 6.508274262016817602e+01
8.560000000000000853e+01 6.495573961339604807e+01
8.570000000000000284e+01 6.482420348436741619e+01
8.579999999999999716e+01 6.468795493532627461e+01
8.590000000000000568e+01 6.454682396227249797e+01
8.600000000000000000e+01 6.440065058886695226e+01
8.610000000000000853e+01 6.424928555982573641e+01
8.620000000000000284e+01 6.409259099220547284e+01
8.629999999999999716e+01 6.393044098314828716e+01
8.640000000000000568e+01 6.376272217283040078e+01
8.650000000000000000e+01 6.358933426152889723e+01
8.660000000000000853e+01 6.341019047989485813e+01
8.670000000000000284e+01 6.322521801169250466e+01
8.680000000000001137e+01 6.303435836843561901e+01
8.690000000000000568e+01 6.283756771552122444e+01
8.700000000000000000e+01 6.263481714962728830e+01
8.710000000000000853e+01 6.242609292730561776e+01
8.720000000000000284e+01 6.221139664486344856e+01
8.730000000000001137e+01 6.199074536977954608e+01
8.740000000000000568e+01 6.176417172406144829e+01
8.750000000000000000e+01 6.153172392009079772e+01
8.760000000000000853e+01 6.129346574965251904e+01
8.770000000000000284e+01 6.104947652697846650e+01
8.780000000000001137e+01 6.079985098677075683e+01
8.790000000000000568e+01 6.054469913829302641e+01
8.800000000000000000e+01 6.028414607674027792e+01
8.810000000000000853e+01 6.001833175321004177e+01
8.820000000000000284e+01 5.974741070470284399e+01
8.830000000000001137e+01 5.947155174568027292e+01
8.840000000000000568e+01 5.919093762280071758e+01
8.850000000000000000e+01 5.890576463453590605e+01
8.860000000000000853e+01 5.861624221744968821e+01
8.870000000000000284e+01 5.832259250098946524e+01
8.880000000000001137e+01 5.802504983270010541e+01
8.890000000000000568e+01 5.772386027582842161e+01
8.900000000000000000e+01 5.741928108132694319e+01
8.910000000000000853e+01 5.711158013630739561e+01
8.920000000000000284e+01 5.680103539102480426e+01
8.930000000000001137e+01 5.648793426649396565e+01
8.940000000000000568e+01 5.617257304485789859e+01
8.950000000000000000e+01 5.585525624463333116e+01
8.960000000000000853e+01 5.553629598296195979e+01
8.970000000000000284e+01 5.521601132698745573e+01
8.980000000000001137e+01 5.489472763646493547e+01
8.990000000000000568e+01 5.457277589969143605e+01
9.000000000000000000e+01 5.425049206481777730e+01
